0.385
0.330
0.799
0.530
0.600
0.147
0.889
0.583
0.602
0.949
0.561
0.736
0.821
0.966
0.596
0.983
0.204
0.110
0.378
0.322
0.971
0.681
0.328
0.427
0.494
0.650
0.617
0.143
0.324
0.062
0.126
0.168
0.726
0.192
0.113
0.329
0.771
0.223
0.160
0.549
0.220
0.922
0.067
0.916
0.012
0.949
0.919
0.540
0.104
0.239
0.762
0.086
0.588
0.540
0.611
0.489
0.722
0.432
0.211
0.706
0.115
0.042
0.413
0.599
0.727
0.874
0.294
0.832
0.654
0.922
0.552
0.689
0.635
0.887
0.338
0.619
0.025
0.991
0.583
0.487
0.009
0.331
0.842
0.215
0.791
0.610
0.410
0.183
0.976
0.525
0.447
0.607
0.549
0.710
0.660
0.891
0.375
0.914
0.602
0.225
0.350
0.110
0.978
0.830
0.401
0.936
0.013
0.801
0.953
0.377
0.808
0.783
0.514
0.213
0.127
0.759
0.347
0.160
0.121
0.270
0.698
0.201
0.401
0.771
0.773
0.739
0.019
0.341
0.305
0.172
0.071
0.161
0.790
0.286
0.742
0.528
0.491
0.260
0.109
0.764
0.884
0.225
0.372
0.653
0.205
0.823
0.607
0.936
0.529
0.795
0.056
0.971
0.706
0.085
0.713
0.906
0.938
0.278
0.620
0.854
0.264
0.176
0.851
0.561
0.534
0.841
0.023
0.546
0.384
0.967
0.739
0.024
0.625
0.999
0.498
0.665
0.710
0.463
0.755
0.689
0.839
0.312
0.976
0.351
0.939
0.719
0.981
0.324
0.475
0.509
0.824
0.494
0.662
0.065
0.751
0.425
0.031
0.463
0.128
0.880
0.544
0.357
0.885
0.108
0.586
0.278
0.061
0.255
0.249
0.315
0.867
0.671
0.478
0.642
0.426
0.487
0.301
0.660
0.270
0.960
0.281
0.353
0.059
0.099
0.201
0.741
0.272
0.954
0.404
0.704
0.003
0.233
0.085
0.601
0.502
0.797
0.627
0.271
0.738
0.502
0.381
0.820
0.443
0.002
0.732
0.194
0.032
0.186
0.504
0.141
0.774
0.497
0.056
0.081
0.911
0.398
0.680
0.606
0.896
0.879
0.426
0.624
0.439
0.517
0.255
0.780
0.478
0.946
0.996
0.813
0.833
0.329
0.952
0.441
0.395
0.973
0.558
0.723
0.619
0.441
0.199
0.912
0.030
0.237
0.028
0.578
0.739
0.796
0.128
0.922
0.322
0.195
0.683
0.926
0.570
0.260
0.776
0.860
0.429
0.573
0.483
0.120
0.701
0.186
0.654
0.165
0.634
0.327
0.506
0.717
0.068
0.794
0.035
0.002
0.080
0.041
0.807
0.775
0.489
0.995
0.860
0.050
0.201
0.157
0.818
0.032
0.583
0.390
0.439
0.640
0.186
0.614
0.412
0.721
0.422
0.581
0.934
0.768
0.386
0.150
0.348
0.622
0.531
0.396
0.101
0.298
0.825
0.339
0.262
0.732
0.185
0.399
0.432
0.204
0.864
0.211
0.126
0.417
0.872
0.663
0.089
0.496
0.228
0.518
0.438
0.694
0.089
0.515
0.368
0.276
0.015
0.542
0.974
0.557
0.492
0.767
0.199
0.430
0.363
0.673
0.707
0.535
0.352
0.091
0.710
0.333
0.033
0.790
0.135
0.729
0.308
0.448
0.500
0.953
0.508
0.488
0.005
0.673
0.326
0.694
0.937
0.887
0.336
0.259
0.297
0.499
0.241
0.601
0.416
0.543
0.673
0.262
0.623
0.736
0.792
0.753
0.345
0.478
0.310
0.732
0.936
0.701
0.006
0.609
0.933
0.668
0.757
0.987
0.955
0.568
0.952
0.019
0.703
0.918
0.903
0.830
0.143
0.923
0.346
0.913
0.109
0.554
0.736
0.343
0.487
0.905
0.299
0.877
0.472
0.632
0.331
0.537
0.398
0.156
0.320
0.359
0.050
0.348
0.773
0.335
0.276
0.395
0.345
0.433
0.939
0.670
0.556
0.963
0.215
0.476
0.256
0.840
0.882
0.733
0.841
0.133
0.489
0.985
0.956
0.081
0.080
0.748
0.169
0.957
0.343
0.757
0.761
0.465
0.793
0.317
0.381
0.269
0.722
0.288
0.269
0.045
0.250
0.657
0.509
0.828
0.983
0.379
0.483
0.147
0.242
0.834
0.526
0.565
0.843
0.365
0.476
0.779
0.718
0.913
0.967
0.985
0.271
0.835
0.378
0.322
0.350
0.402
0.289
0.451
0.694
0.808
0.814
0.105
0.724
0.480
0.558
0.434
0.497
0.585
0.487
0.897
0.924
0.914
0.747
0.447
0.610
0.038
0.490
0.723
0.325
0.206
0.717
0.271
0.295
0.898
0.026
0.242
0.416
0.538
0.271
0.248
0.693
0.109
0.766
0.457
0.649
0.883
0.346
0.885
0.930
0.062
0.989
0.091
0.351
0.354
0.029
0.955
0.866
0.067
0.516
0.989
0.723
0.802
0.863
0.347
0.583
0.593
0.847
0.316
0.574
0.739
0.159
0.294
0.448
0.194
0.171
0.366
0.979
0.979
0.141
0.882
0.256
0.233
0.704
0.101
0.131
0.043
0.803
0.559
0.977
0.024
0.141
0.199
0.496
0.278
0.353
0.830
0.735
0.378
0.888
0.289
0.247
0.819
0.868
0.877
0.434
0.646
0.364