7.581
-7.717
1.440
-14.702
-6.120
16.017
19.246
7.943
-16.185
-14.756
-5.923
18.181
-0.540
-15.299
16.087
-12.228
13.858
15.000
-11.110
-14.456
2.794
-12.205
-14.601
6.272
-8.227
11.269
6.031
5.377
10.268
-8.880
-1.528
18.744
-14.830
1.504
-17.798
-10.991
1.865
-0.569
-16.699
17.195
5.155
14.243
16.907
-12.564
-18.113
-3.278
-13.916
-9.060
0.022
-4.741
-15.580
1.492
0.726
-5.893
-6.889
-4.598
-9.446
-10.848
3.455
10.243
3.618
0.980
-8.747
-7.573
-18.712
-1.991
14.196
13.851
18.193
-11.979
15.491
-10.155
-2.896
3.930
-5.090
-11.275
-10.956
-9.525
-8.107
-19.718
14.499
-1.873
-18.522
3.055
-4.873
-10.576
12.424
13.876
-2.815
-11.261
-2.842
-9.034
1.439
4.512
3.074
-4.422
13.110
18.413
-11.915
12.673
19.388
-0.192
10.318
7.359
-19.282
-0.717
14.630
-16.164
-19.331
10.670
-19.154
-13.919
12.507
0.440
-8.888
-14.887
19.188
-9.729
1.796
3.440
-12.570
-7.278
10.608
-12.213
11.813
-2.880
-17.180
0.665
-6.397
9.664
-3.234
18.905
-15.989
-7.670
14.705
-4.063
-8.893
-9.984
14.252
12.859
19.154
15.591
-14.333
-0.722
8.019
12.651
-18.506
15.845
5.538
4.331
-0.761
9.901
2.709
14.300
18.002
4.082
-17.144
17.089
17.856
15.232
11.557
8.109
-3.194
-9.081
-6.454
-2.532
-16.236
-9.661
-1.116
-3.243
11.074
1.392
-12.459
-1.374
17.883
3.998
4.233
-0.798
-0.904
7.201
17.437
13.656
15.888
11.581
1.428
-2.146
-4.122
-16.885
-3.625
5.585
-4.809
2.993
18.020
1.358
-6.758
5.462
2.244
8.200
15.534
12.966
5.942
-5.660
1.284
15.973
13.882
3.757
-6.268
-14.706
-17.741
-16.361
-12.602
8.398
5.574
-14.016
13.180
7.129
7.464
6.318
-17.367
6.739
-7.907
7.242
-19.448
18.294
-5.968
-5.642
-18.672
-15.847
-19.923
-10.346
-12.626
-9.096
3.211
-19.693
-15.637
-6.015
-15.129
-11.577
-19.000
-18.328
18.139
-8.287
17.939
-7.610
9.645
5.810
-1.985
-12.160
-12.796
-6.350
3.016
12.013
5.679
0.322
13.106
4.756
3.524
14.528
13.930
5.377
0.279
6.234
-17.405
-1.299
14.146
-17.344
-8.851
-13.604
17.545
16.635
-18.678
-5.995
4.638
-3.472
19.048
2.383
-16.428
-2.763
-5.061
14.668
3.066
3.234
-12.844
-19.954
-15.445
-4.566
17.653
2.570
19.669
4.740
-3.388
-14.214
10.037
-3.412
2.067
-16.819
12.569
3.024
-8.273
-18.445
-19.707
7.310
-8.871
3.709
-0.142
-6.236
-1.412
7.061
11.055
-6.495
12.161
-16.839
-7.157
-14.687
-12.337
1.183
8.972
18.123
8.166
9.970
-18.868
-14.155
4.235
1.571
-13.979
1.214
5.925
-9.699
-4.326
2.326
15.472
-19.160
-7.702
-6.503
4.015
-16.680
16.549
7.294
10.294
-10.605
7.181
-0.867
-16.523
11.049
19.501
18.523
-11.673
15.153
19.313
-0.582
-4.987
-17.789
-17.671
-7.017
-10.652
-6.434
17.029
15.509
-13.467
-0.674
13.282
1.854
-10.526
-15.304
9.594
-13.092
12.250
-12.461
-2.023
1.605
-1.419
-9.084
11.198
-6.303
8.715
6.500
11.655
-14.893
-5.611
2.431
-4.288
-4.192
-7.180
9.890
-6.541
-8.188
-15.653
-6.522
18.500
10.474
2.264
15.089
2.482
15.415
11.729
-1.143
15.372
3.739
-7.213
4.208
-16.408
5.668
12.425
-13.147
3.816
11.425
-13.626
12.660
-13.268
2.482
-12.632
11.318
1.778
1.284
-6.122
5.496
10.142
-5.693
4.367
13.836
-2.790
5.391
11.728
-7.755
3.745
2.119
13.436
9.971
19.817
13.798
-1.985
-15.245
-4.632
2.696
4.095
12.965
-13.176
-2.437
-18.199
16.377
7.206
18.034
-4.418
12.973
14.500
-10.425
3.681
0.601
-19.489
-7.360
-6.499
9.817
-18.605
3.509
-4.887
-12.262
-2.158
-8.280
-18.406
-10.892
2.659
-17.902
13.380
10.291
-13.509
-17.017
-19.091
11.965
-2.882
-19.092
-5.628
16.971
19.982
18.673
-16.185
12.504
-6.563
6.178
-19.765
15.723
5.095
-0.340
10.558
13.909
3.939
-18.731
-11.064
5.394
9.011
15.982
-14.586
14.240
3.521
-19.055
-3.472
-8.477
2.677
-5.001
18.130
4.918
16.250
-15.178
19.693
18.922
4.796
8.611
-10.441
2.882
-1.905
-14.472
-3.353
-7.921
-8.377
9.893
-9.416
-5.936
12.536
-18.615
2.026
-16.530
1.201
7.950
18.298
6.869
11.422
-5.774
4.644
3.786
-13.700
-12.071
-7.954
-0.911
8.478
-5.379
10.351
6.884
-6.737
13.043
-12.104
-15.408
-7.965
5.633
-14.753
10.709
-7.907
1.473
12.391
-13.339
-1.907
2.705
-6.846
9.565
19.284
-5.836
-0.666
0.300
-14.161
-13.445
-10.717
11.643
3.612
-7.741
13.883
-6.658
-14.064
18.256
-2.121
-15.141
2.450
11.761
-7.883
15.832
12.686
-9.836
2.687
-17.919
7.920
8.649
13.156
-3.809
-9.974
-1.951
3.199
13.896
0.794
-9.116
-3.375
-15.381
-13.157
12.987
-15.164
18.784
6.457
-17.104
-18.608
-17.256
-15.738
15.754
-6.233
7.574
-0.213
4.829
16.813
13.582
-1.451
4.760
-13.568
-2.063
-17.271
-15.031
2.294
19.331
2.747
7.636
3.508
-11.824
-9.980
9.814
18.782
-5.087
7.484
-1.186
12.069