-26.2 33.8
-25.5 33.8
-24.8 33.8
-24.0 33.8
-23.2 33.8
-22.5 33.8
-21.8 33.8
-21.0 33.8
-20.2 33.8
-19.5 33.8
-18.8 33.8
-18.0 33.8
-17.2 33.8
-16.5 33.8
-15.8 33.8
-15.0 33.8
-14.2 33.8
-13.5 33.8
-12.8 33.8
-12.0 33.8
-11.2 33.8
-10.5 33.8
-9.8 33.8
-9.0 33.8
-8.2 33.8
-7.5 33.8
-6.8 33.8
-6.0 33.8
-5.2 33.8
-4.5 33.8
-3.8 33.8
-3.0 33.8
-2.2 33.8
-1.5 33.8
-0.8 33.8
0.0 33.8
0.8 33.8
1.5 33.8
2.2 33.8
3.0 33.8
3.8 33.8
4.5 33.8
5.2 33.8
6.0 33.8
6.8 33.8
7.5 33.8
8.2 33.8
9.0 33.8
9.8 33.8
10.5 33.8
11.2 33.8
12.0 33.8
12.8 33.8
13.5 33.8
14.2 33.8
15.0 33.8
15.8 33.8
16.5 33.8
17.2 33.8
18.0 33.8
18.8 33.8
19.5 33.8
20.2 33.8
21.0 33.8
21.8 33.8
22.5 33.8
23.2 33.8
24.0 33.8
24.8 33.8
25.5 33.8
26.2 33.8
27.0 33.8
27.8 33.8
28.5 33.8
29.2 33.8
30.0 33.8
30.8 33.8
31.5 33.8
32.2 33.8
33.0 33.8
-26.2 33.0
-25.5 33.0
-24.8 33.0
-24.0 33.0
-23.2 33.0
-22.5 33.0
-21.8 33.0
-21.0 33.0
-20.2 33.0
-19.5 33.0
-18.8 33.0
-18.0 33.0
-17.2 33.0
-16.5 33.0
-15.8 33.0
-15.0 33.0
-14.2 33.0
-13.5 33.0
-12.8 33.0
-12.0 33.0
-11.2 33.0
-10.5 33.0
-9.8 33.0
-9.0 33.0
-8.2 33.0
-7.5 33.0
-6.8 33.0
-6.0 33.0
-5.2 33.0
-4.5 33.0
-3.8 33.0
-3.0 33.0
-2.2 33.0
-1.5 33.0
-0.8 33.0
0.0 33.0
0.8 33.0
1.5 33.0
2.2 33.0
3.0 33.0
3.8 33.0
4.5 33.0
5.2 33.0
6.0 33.0
6.8 33.0
7.5 33.0
8.2 33.0
9.0 33.0
9.8 33.0
10.5 33.0
11.2 33.0
12.0 33.0
12.8 33.0
13.5 33.0
14.2 33.0
15.0 33.0
15.8 33.0
16.5 33.0
17.2 33.0
18.0 33.0
18.8 33.0
19.5 33.0
20.2 33.0
21.0 33.0
21.8 33.0
22.5 33.0
23.2 33.0
24.0 33.0
24.8 33.0
25.5 33.0
26.2 33.0
27.0 33.0
27.8 33.0
28.5 33.0
29.2 33.0
30.0 33.0
30.8 33.0
31.5 33.0
32.2 33.0
33.0 33.0
-26.2 32.2
-25.5 32.2
-24.8 32.2
-24.0 32.2
-23.2 32.2
-22.5 32.2
-21.8 32.2
-21.0 32.2
-20.2 32.2
-19.5 32.2
-18.8 32.2
-18.0 32.2
-17.2 32.2
-16.5 32.2
-15.8 32.2
-15.0 32.2
-14.2 32.2
-13.5 32.2
-12.8 32.2
-12.0 32.2
-11.2 32.2
-10.5 32.2
-9.8 32.2
-9.0 32.2
-8.2 32.2
-7.5 32.2
-6.8 32.2
-6.0 32.2
-5.2 32.2
-4.5 32.2
-3.8 32.2
-3.0 32.2
-2.2 32.2
-1.5 32.2
-0.8 32.2
0.0 32.2
0.8 32.2
1.5 32.2
2.2 32.2
3.0 32.2
3.8 32.2
4.5 32.2
5.2 32.2
6.0 32.2
6.8 32.2
7.5 32.2
8.2 32.2
9.0 32.2
9.8 32.2
10.5 32.2
11.2 32.2
12.0 32.2
12.8 32.2
13.5 32.2
14.2 32.2
15.0 32.2
15.8 32.2
16.5 32.2
17.2 32.2
18.0 32.2
18.8 32.2
19.5 32.2
20.2 32.2
21.0 32.2
21.8 32.2
22.5 32.2
23.2 32.2
24.0 32.2
24.8 32.2
25.5 32.2
26.2 32.2
27.0 32.2
27.8 32.2
28.5 32.2
29.2 32.2
30.0 32.2
30.8 32.2
31.5 32.2
32.2 32.2
33.0 32.2
-26.2 31.5
-25.5 31.5
-24.8 31.5
-24.0 31.5
-23.2 31.5
-22.5 31.5
-21.8 31.5
-21.0 31.5
-20.2 31.5
-19.5 31.5
-18.8 31.5
-18.0 31.5
-17.2 31.5
-16.5 31.5
-15.8 31.5
-15.0 31.5
-14.2 31.5
-13.5 31.5
-12.8 31.5
-12.0 31.5
-11.2 31.5
-10.5 31.5
-9.8 31.5
-9.0 31.5
-8.2 31.5
-7.5 31.5
-6.8 31.5
-6.0 31.5
-5.2 31.5
-4.5 31.5
-3.8 31.5
-3.0 31.5
-2.2 31.5
-1.5 31.5
-0.8 31.5
0.0 31.5
0.8 31.5
1.5 31.5
2.2 31.5
3.0 31.5
3.8 31.5
4.5 31.5
5.2 31.5
6.0 31.5
6.8 31.5
7.5 31.5
8.2 31.5
9.0 31.5
9.8 31.5
10.5 31.5
11.2 31.5
12.0 31.5
12.8 31.5
13.5 31.5
14.2 31.5
15.0 31.5
15.8 31.5
16.5 31.5
17.2 31.5
18.0 31.5
18.8 31.5
19.5 31.5
20.2 31.5
21.0 31.5
21.8 31.5
22.5 31.5
23.2 31.5
24.0 31.5
24.8 31.5
25.5 31.5
26.2 31.5
27.0 31.5
27.8 31.5
28.5 31.5
29.2 31.5
30.0 31.5
30.8 31.5
31.5 31.5
32.2 31.5
33.0 31.5
-26.2 30.8
-25.5 30.8
-24.8 30.8
-24.0 30.8
-23.2 30.8
-22.5 30.8
-21.8 30.8
-21.0 30.8
-20.2 30.8
-19.5 30.8
-18.8 30.8
-18.0 30.8
-17.2 30.8
-16.5 30.8
-15.8 30.8
-15.0 30.8
-14.2 30.8
-13.5 30.8
-12.8 30.8
-12.0 30.8
-11.2 30.8
-10.5 30.8
-9.8 30.8
-9.0 30.8
-8.2 30.8
-7.5 30.8
-6.8 30.8
-6.0 30.8
-5.2 30.8
-4.5 30.8
-3.8 30.8
-3.0 30.8
-2.2 30.8
-1.5 30.8
-0.8 30.8
0.0 30.8
0.8 30.8
1.5 30.8
2.2 30.8
3.0 30.8
3.8 30.8
4.5 30.8
5.2 30.8
6.0 30.8
6.8 30.8
7.5 30.8
8.2 30.8
9.0 30.8
9.8 30.8
10.5 30.8
11.2 30.8
12.0 30.8
12.8 30.8
13.5 30.8
14.2 30.8
15.0 30.8
15.8 30.8
16.5 30.8
17.2 30.8
18.0 30.8
18.8 30.8
19.5 30.8
20.2 30.8
21.0 30.8
21.8 30.8
22.5 30.8
23.2 30.8
24.0 30.8
24.8 30.8
25.5 30.8
26.2 30.8
27.0 30.8
27.8 30.8
28.5 30.8
29.2 30.8
30.0 30.8
30.8 30.8
31.5 30.8
32.2 30.8
33.0 30.8
-26.2 30.0
-25.5 30.0
-24.8 30.0
-24.0 30.0
-23.2 30.0
-22.5 30.0
-21.8 30.0
-21.0 30.0
-20.2 30.0
-19.5 30.0
-18.8 30.0
-18.0 30.0
-17.2 30.0
-16.5 30.0
-15.8 30.0
-15.0 30.0
-14.2 30.0
-13.5 30.0
-12.8 30.0
-12.0 30.0
-11.2 30.0
-10.5 30.0
-9.8 30.0
-9.0 30.0
-8.2 30.0
-7.5 30.0
-6.8 30.0
-6.0 30.0
-5.2 30.0
-4.5 30.0
-3.8 30.0
-3.0 30.0
-2.2 30.0
-1.5 30.0
-0.8 30.0
0.0 30.0
0.8 30.0
1.5 30.0
2.2 30.0
3.0 30.0
3.8 30.0
4.5 30.0
5.2 30.0
6.0 30.0
6.8 30.0
7.5 30.0
8.2 30.0
9.0 30.0
9.8 30.0
10.5 30.0
11.2 30.0
12.0 30.0
12.8 30.0
13.5 30.0
14.2 30.0
15.0 30.0
15.8 30.0
16.5 30.0
17.2 30.0
18.0 30.0
18.8 30.0
19.5 30.0
20.2 30.0
21.0 30.0
21.8 30.0
22.5 30.0
23.2 30.0
24.0 30.0
24.8 30.0
25.5 30.0
26.2 30.0
27.0 30.0
27.8 30.0
28.5 30.0
29.2 30.0
30.0 30.0
30.8 30.0
31.5 30.0
32.2 30.0
33.0 30.0
-26.2 29.2
-25.5 29.2
-24.8 29.2
-24.0 29.2
-23.2 29.2
-22.5 29.2
-21.8 29.2
-21.0 29.2
-20.2 29.2
-19.5 29.2
-18.8 29.2
-18.0 29.2
-17.2 29.2
-16.5 29.2
-15.8 29.2
-15.0 29.2
-14.2 29.2
-13.5 29.2
-12.8 29.2
-12.0 29.2
-11.2 29.2
-10.5 29.2
-9.8 29.2
-9.0 29.2
-8.2 29.2
-7.5 29.2
-6.8 29.2
-6.0 29.2
-5.2 29.2
-4.5 29.2
-3.8 29.2
-3.0 29.2
-2.2 29.2
-1.5 29.2
-0.8 29.2
0.0 29.2
0.8 29.2
1.5 29.2
2.2 29.2
3.0 29.2
3.8 29.2
4.5 29.2
5.2 29.2
6.0 29.2
6.8 29.2
7.5 29.2
8.2 29.2
9.0 29.2
9.8 29.2
10.5 29.2
11.2 29.2
12.0 29.2
12.8 29.2
13.5 29.2
14.2 29.2
15.0 29.2
15.8 29.2
16.5 29.2
17.2 29.2
18.0 29.2
18.8 29.2
19.5 29.2
20.2 29.2
21.0 29.2
21.8 29.2
22.5 29.2
23.2 29.2
24.0 29.2
24.8 29.2
25.5 29.2
26.2 29.2
27.0 29.2
27.8 29.2
28.5 29.2
29.2 29.2
30.0 29.2
30.8 29.2
31.5 29.2
32.2 29.2
33.0 29.2
-26.2 28.5
-25.5 28.5
-24.8 28.5
-24.0 28.5
-23.2 28.5
-22.5 28.5
-21.8 28.5
-21.0 28.5
-20.2 28.5
-19.5 28.5
-18.8 28.5
-18.0 28.5
-17.2 28.5
-16.5 28.5
-15.8 28.5
-15.0 28.5
-14.2 28.5
-13.5 28.5
-12.8 28.5
-12.0 28.5
-11.2 28.5
-10.5 28.5
-9.8 28.5
-9.0 28.5
-8.2 28.5
-7.5 28.5
-6.8 28.5
-6.0 28.5
-5.2 28.5
-4.5 28.5
-3.8 28.5
-3.0 28.5
-2.2 28.5
-1.5 28.5
-0.8 28.5
0.0 28.5
0.8 28.5
1.5 28.5
2.2 28.5
3.0 28.5
3.8 28.5
4.5 28.5
5.2 28.5
6.0 28.5
6.8 28.5
7.5 28.5
8.2 28.5
9.0 28.5
9.8 28.5
10.5 28.5
11.2 28.5
12.0 28.5
12.8 28.5
13.5 28.5
14.2 28.5
15.0 28.5
15.8 28.5
16.5 28.5
17.2 28.5
18.0 28.5
18.8 28.5
19.5 28.5
20.2 28.5
21.0 28.5
21.8 28.5
22.5 28.5
23.2 28.5
24.0 28.5
24.8 28.5
25.5 28.5
26.2 28.5
27.0 28.5
27.8 28.5
28.5 28.5
29.2 28.5
30.0 28.5
30.8 28.5
31.5 28.5
32.2 28.5
33.0 28.5
-26.2 27.8
-25.5 27.8
-24.8 27.8
-24.0 27.8
-23.2 27.8
-22.5 27.8
-21.8 27.8
-21.0 27.8
-20.2 27.8
-19.5 27.8
-18.8 27.8
-18.0 27.8
-17.2 27.8
-16.5 27.8
-15.8 27.8
-15.0 27.8
-14.2 27.8
-13.5 27.8
-12.8 27.8
-12.0 27.8
-11.2 27.8
-10.5 27.8
-9.8 27.8
-9.0 27.8
-8.2 27.8
-7.5 27.8
-6.8 27.8
-6.0 27.8
-5.2 27.8
-4.5 27.8
-3.8 27.8
-3.0 27.8
-2.2 27.8
-1.5 27.8
-0.8 27.8
0.0 27.8
0.8 27.8
1.5 27.8
2.2 27.8
3.0 27.8
3.8 27.8
4.5 27.8
5.2 27.8
6.0 27.8
6.8 27.8
7.5 27.8
8.2 27.8
9.0 27.8
9.8 27.8
10.5 27.8
11.2 27.8
12.0 27.8
12.8 27.8
13.5 27.8
14.2 27.8
15.0 27.8
15.8 27.8
16.5 27.8
17.2 27.8
18.0 27.8
18.8 27.8
19.5 27.8
20.2 27.8
21.0 27.8
21.8 27.8
22.5 27.8
23.2 27.8
24.0 27.8
24.8 27.8
25.5 27.8
26.2 27.8
27.0 27.8
27.8 27.8
28.5 27.8
29.2 27.8
30.0 27.8
30.8 27.8
31.5 27.8
32.2 27.8
33.0 27.8
-26.2 27.0
-25.5 27.0
-24.8 27.0
-24.0 27.0
-23.2 27.0
-22.5 27.0
-21.8 27.0
-21.0 27.0
-20.2 27.0
-19.5 27.0
-18.8 27.0
-18.0 27.0
-17.2 27.0
-16.5 27.0
-15.8 27.0
-15.0 27.0
-14.2 27.0
-13.5 27.0
-12.8 27.0
-12.0 27.0
-11.2 27.0
-10.5 27.0
-9.8 27.0
-9.0 27.0
-8.2 27.0
-7.5 27.0
-6.8 27.0
-6.0 27.0
-5.2 27.0
-4.5 27.0
-3.8 27.0
-3.0 27.0
-2.2 27.0
-1.5 27.0
-0.8 27.0
0.0 27.0
0.8 27.0
1.5 27.0
2.2 27.0
3.0 27.0
3.8 27.0
4.5 27.0
5.2 27.0
6.0 27.0
6.8 27.0
7.5 27.0
8.2 27.0
9.0 27.0
9.8 27.0
10.5 27.0
11.2 27.0
12.0 27.0
12.8 27.0
13.5 27.0
14.2 27.0
15.0 27.0
15.8 27.0
16.5 27.0
17.2 27.0
18.0 27.0
18.8 27.0
19.5 27.0
20.2 27.0
21.0 27.0
21.8 27.0
22.5 27.0
23.2 27.0
24.0 27.0
24.8 27.0
25.5 27.0
26.2 27.0
27.0 27.0
27.8 27.0
28.5 27.0
29.2 27.0
30.0 27.0
30.8 27.0
31.5 27.0
32.2 27.0
33.0 27.0
-26.2 26.2
-25.5 26.2
-24.8 26.2
-24.0 26.2
-23.2 26.2
-22.5 26.2
-21.8 26.2
-21.0 26.2
-20.2 26.2
-19.5 26.2
-18.8 26.2
-18.0 26.2
-17.2 26.2
-16.5 26.2
-15.8 26.2
-15.0 26.2
-14.2 26.2
-13.5 26.2
-12.8 26.2
-12.0 26.2
-11.2 26.2
-10.5 26.2
-9.8 26.2
-9.0 26.2
-8.2 26.2
-7.5 26.2
-6.8 26.2
-6.0 26.2
-5.2 26.2
-4.5 26.2
-3.8 26.2
-3.0 26.2
-2.2 26.2
-1.5 26.2
-0.8 26.2
0.0 26.2
0.8 26.2
1.5 26.2
2.2 26.2
3.0 26.2
3.8 26.2
4.5 26.2
5.2 26.2
6.0 26.2
6.8 26.2
7.5 26.2
8.2 26.2
9.0 26.2
9.8 26.2
10.5 26.2
11.2 26.2
12.0 26.2
12.8 26.2
13.5 26.2
14.2 26.2
15.0 26.2
15.8 26.2
16.5 26.2
17.2 26.2
18.0 26.2
18.8 26.2
19.5 26.2
20.2 26.2
21.0 26.2
21.8 26.2
22.5 26.2
23.2 26.2
24.0 26.2
24.8 26.2
25.5 26.2
26.2 26.2
27.0 26.2
27.8 26.2
28.5 26.2
29.2 26.2
30.0 26.2
30.8 26.2
31.5 26.2
32.2 26.2
33.0 26.2
-26.2 25.5
-25.5 25.5
-24.8 25.5
-24.0 25.5
-23.2 25.5
-22.5 25.5
-21.8 25.5
-21.0 25.5
-20.2 25.5
-19.5 25.5
-18.8 25.5
-18.0 25.5
-17.2 25.5
-16.5 25.5
-15.8 25.5
-15.0 25.5
-14.2 25.5
-13.5 25.5
-12.8 25.5
-12.0 25.5
-11.2 25.5
-10.5 25.5
-9.8 25.5
-9.0 25.5
-8.2 25.5
-7.5 25.5
-6.8 25.5
-6.0 25.5
-5.2 25.5
-4.5 25.5
-3.8 25.5
-3.0 25.5
-2.2 25.5
-1.5 25.5
-0.8 25.5
0.0 25.5
0.8 25.5
1.5 25.5
2.2 25.5
3.0 25.5
3.8 25.5
4.5 25.5
5.2 25.5
6.0 25.5
6.8 25.5
7.5 25.5
8.2 25.5
9.0 25.5
9.8 25.5
10.5 25.5
11.2 25.5
12.0 25.5
12.8 25.5
13.5 25.5
14.2 25.5
15.0 25.5
15.8 25.5
16.5 25.5
17.2 25.5
18.0 25.5
18.8 25.5
19.5 25.5
20.2 25.5
21.0 25.5
21.8 25.5
22.5 25.5
23.2 25.5
24.0 25.5
24.8 25.5
25.5 25.5
26.2 25.5
27.0 25.5
27.8 25.5
28.5 25.5
29.2 25.5
30.0 25.5
30.8 25.5
31.5 25.5
32.2 25.5
33.0 25.5
-26.2 24.8
-25.5 24.8
-24.8 24.8
-24.0 24.8
-23.2 24.8
-22.5 24.8
-21.8 24.8
-21.0 24.8
-20.2 24.8
-19.5 24.8
-18.8 24.8
-18.0 24.8
-17.2 24.8
-16.5 24.8
-15.8 24.8
-15.0 24.8
-14.2 24.8
-13.5 24.8
-12.8 24.8
-12.0 24.8
-11.2 24.8
-10.5 24.8
-9.8 24.8
-9.0 24.8
-8.2 24.8
-7.5 24.8
-6.8 24.8
-6.0 24.8
-5.2 24.8
-4.5 24.8
-3.8 24.8
-3.0 24.8
-2.2 24.8
-1.5 24.8
-0.8 24.8
0.0 24.8
0.8 24.8
1.5 24.8
2.2 24.8
3.0 24.8
3.8 24.8
4.5 24.8
5.2 24.8
6.0 24.8
6.8 24.8
7.5 24.8
8.2 24.8
9.0 24.8
9.8 24.8
10.5 24.8
11.2 24.8
12.0 24.8
12.8 24.8
13.5 24.8
14.2 24.8
15.0 24.8
15.8 24.8
16.5 24.8
17.2 24.8
18.0 24.8
18.8 24.8
19.5 24.8
20.2 24.8
21.0 24.8
21.8 24.8
22.5 24.8
23.2 24.8
24.0 24.8
24.8 24.8
25.5 24.8
26.2 24.8
27.0 24.8
27.8 24.8
28.5 24.8
29.2 24.8
30.0 24.8
30.8 24.8
31.5 24.8
32.2 24.8
33.0 24.8
-26.2 24.0
-25.5 24.0
-24.8 24.0
-24.0 24.0
-23.2 24.0
-22.5 24.0
-21.8 24.0
-21.0 24.0
-20.2 24.0
-19.5 24.0
-18.8 24.0
-18.0 24.0
-17.2 24.0
-16.5 24.0
-15.8 24.0
-15.0 24.0
-14.2 24.0
-13.5 24.0
-12.8 24.0
-12.0 24.0
-11.2 24.0
-10.5 24.0
-9.8 24.0
-9.0 24.0
-8.2 24.0
-7.5 24.0
-6.8 24.0
-6.0 24.0
-5.2 24.0
-4.5 24.0
-3.8 24.0
-3.0 24.0
-2.2 24.0
-1.5 24.0
-0.8 24.0
0.0 24.0
0.8 24.0
1.5 24.0
2.2 24.0
3.0 24.0
3.8 24.0
4.5 24.0
5.2 24.0
6.0 24.0
6.8 24.0
7.5 24.0
8.2 24.0
9.0 24.0
9.8 24.0
10.5 24.0
11.2 24.0
12.0 24.0
12.8 24.0
13.5 24.0
14.2 24.0
15.0 24.0
15.8 24.0
16.5 24.0
17.2 24.0
18.0 24.0
18.8 24.0
19.5 24.0
20.2 24.0
21.0 24.0
21.8 24.0
22.5 24.0
23.2 24.0
24.0 24.0
24.8 24.0
25.5 24.0
26.2 24.0
27.0 24.0
27.8 24.0
28.5 24.0
29.2 24.0
30.0 24.0
30.8 24.0
31.5 24.0
32.2 24.0
33.0 24.0
-26.2 23.2
-25.5 23.2
-24.8 23.2
-24.0 23.2
-23.2 23.2
-22.5 23.2
-21.8 23.2
-21.0 23.2
-20.2 23.2
-19.5 23.2
-18.8 23.2
-18.0 23.2
-17.2 23.2
-16.5 23.2
-15.8 23.2
-15.0 23.2
-14.2 23.2
-13.5 23.2
-12.8 23.2
-12.0 23.2
-11.2 23.2
-10.5 23.2
-9.8 23.2
-9.0 23.2
-8.2 23.2
-7.5 23.2
-6.8 23.2
-6.0 23.2
-5.2 23.2
-4.5 23.2
-3.8 23.2
-3.0 23.2
-2.2 23.2
-1.5 23.2
-0.8 23.2
0.0 23.2
0.8 23.2
1.5 23.2
2.2 23.2
3.0 23.2
3.8 23.2
4.5 23.2
5.2 23.2
6.0 23.2
6.8 23.2
7.5 23.2
8.2 23.2
9.0 23.2
9.8 23.2
10.5 23.2
11.2 23.2
12.0 23.2
12.8 23.2
13.5 23.2
14.2 23.2
15.0 23.2
15.8 23.2
16.5 23.2
17.2 23.2
18.0 23.2
18.8 23.2
19.5 23.2
20.2 23.2
21.0 23.2
21.8 23.2
22.5 23.2
23.2 23.2
24.0 23.2
24.8 23.2
25.5 23.2
26.2 23.2
27.0 23.2
27.8 23.2
28.5 23.2
29.2 23.2
30.0 23.2
30.8 23.2
31.5 23.2
32.2 23.2
33.0 23.2
-26.2 22.5
-25.5 22.5
-24.8 22.5
-24.0 22.5
-23.2 22.5
-22.5 22.5
-21.8 22.5
-21.0 22.5
-20.2 22.5
-19.5 22.5
-18.8 22.5
-18.0 22.5
-17.2 22.5
-16.5 22.5
-15.8 22.5
-15.0 22.5
-14.2 22.5
-13.5 22.5
-12.8 22.5
-12.0 22.5
-11.2 22.5
-10.5 22.5
-9.8 22.5
-9.0 22.5
-8.2 22.5
-7.5 22.5
-6.8 22.5
-6.0 22.5
-5.2 22.5
-4.5 22.5
-3.8 22.5
-3.0 22.5
-2.2 22.5
-1.5 22.5
-0.8 22.5
0.0 22.5
0.8 22.5
1.5 22.5
2.2 22.5
3.0 22.5
3.8 22.5
4.5 22.5
5.2 22.5
6.0 22.5
6.8 22.5
7.5 22.5
8.2 22.5
9.0 22.5
9.8 22.5
10.5 22.5
11.2 22.5
12.0 22.5
12.8 22.5
13.5 22.5
14.2 22.5
15.0 22.5
15.8 22.5
16.5 22.5
17.2 22.5
18.0 22.5
18.8 22.5
19.5 22.5
20.2 22.5
21.0 22.5
21.8 22.5
22.5 22.5
23.2 22.5
24.0 22.5
24.8 22.5
25.5 22.5
26.2 22.5
27.0 22.5
27.8 22.5
28.5 22.5
29.2 22.5
30.0 22.5
30.8 22.5
31.5 22.5
32.2 22.5
33.0 22.5
-26.2 21.8
-25.5 21.8
-24.8 21.8
-24.0 21.8
-23.2 21.8
-22.5 21.8
-21.8 21.8
-21.0 21.8
-20.2 21.8
-19.5 21.8
-18.8 21.8
-18.0 21.8
-17.2 21.8
-16.5 21.8
-15.8 21.8
-15.0 21.8
-14.2 21.8
-13.5 21.8
-12.8 21.8
-12.0 21.8
-11.2 21.8
-10.5 21.8
-9.8 21.8
-9.0 21.8
-8.2 21.8
-7.5 21.8
-6.8 21.8
-6.0 21.8
-5.2 21.8
-4.5 21.8
-3.8 21.8
-3.0 21.8
-2.2 21.8
-1.5 21.8
-0.8 21.8
0.0 21.8
0.8 21.8
1.5 21.8
2.2 21.8
3.0 21.8
3.8 21.8
4.5 21.8
5.2 21.8
6.0 21.8
6.8 21.8
7.5 21.8
8.2 21.8
9.0 21.8
9.8 21.8
10.5 21.8
11.2 21.8
12.0 21.8
12.8 21.8
13.5 21.8
14.2 21.8
15.0 21.8
15.8 21.8
16.5 21.8
17.2 21.8
18.0 21.8
18.8 21.8
19.5 21.8
20.2 21.8
21.0 21.8
21.8 21.8
22.5 21.8
23.2 21.8
24.0 21.8
24.8 21.8
25.5 21.8
26.2 21.8
27.0 21.8
27.8 21.8
28.5 21.8
29.2 21.8
30.0 21.8
30.8 21.8
31.5 21.8
32.2 21.8
33.0 21.8
-26.2 21.0
-25.5 21.0
-24.8 21.0
-24.0 21.0
-23.2 21.0
-22.5 21.0
-21.8 21.0
-21.0 21.0
-20.2 21.0
-19.5 21.0
-18.8 21.0
-18.0 21.0
-17.2 21.0
-16.5 21.0
-15.8 21.0
-15.0 21.0
-14.2 21.0
-13.5 21.0
-12.8 21.0
-12.0 21.0
-11.2 21.0
-10.5 21.0
-9.8 21.0
-9.0 21.0
-8.2 21.0
-7.5 21.0
-6.8 21.0
-6.0 21.0
-5.2 21.0
-4.5 21.0
-3.8 21.0
-3.0 21.0
-2.2 21.0
-1.5 21.0
-0.8 21.0
0.0 21.0
0.8 21.0
1.5 21.0
2.2 21.0
3.0 21.0
3.8 21.0
4.5 21.0
5.2 21.0
6.0 21.0
6.8 21.0
7.5 21.0
8.2 21.0
9.0 21.0
9.8 21.0
10.5 21.0
11.2 21.0
12.0 21.0
12.8 21.0
13.5 21.0
14.2 21.0
15.0 21.0
15.8 21.0
16.5 21.0
17.2 21.0
18.0 21.0
18.8 21.0
19.5 21.0
20.2 21.0
21.0 21.0
21.8 21.0
22.5 21.0
23.2 21.0
24.0 21.0
24.8 21.0
25.5 21.0
26.2 21.0
27.0 21.0
27.8 21.0
28.5 21.0
29.2 21.0
30.0 21.0
30.8 21.0
31.5 21.0
32.2 21.0
33.0 21.0
-26.2 20.2
-25.5 20.2
-24.8 20.2
-24.0 20.2
-23.2 20.2
-22.5 20.2
-21.8 20.2
-21.0 20.2
-20.2 20.2
-19.5 20.2
-18.8 20.2
-18.0 20.2
-17.2 20.2
-16.5 20.2
-15.8 20.2
-15.0 20.2
-14.2 20.2
-13.5 20.2
-12.8 20.2
-12.0 20.2
-11.2 20.2
-10.5 20.2
-9.8 20.2
-9.0 20.2
-8.2 20.2
-7.5 20.2
-6.8 20.2
-6.0 20.2
-5.2 20.2
-4.5 20.2
-3.8 20.2
-3.0 20.2
-2.2 20.2
-1.5 20.2
-0.8 20.2
0.0 20.2
0.8 20.2
1.5 20.2
2.2 20.2
3.0 20.2
3.8 20.2
4.5 20.2
5.2 20.2
6.0 20.2
6.8 20.2
7.5 20.2
8.2 20.2
9.0 20.2
9.8 20.2
10.5 20.2
11.2 20.2
12.0 20.2
12.8 20.2
13.5 20.2
14.2 20.2
15.0 20.2
15.8 20.2
16.5 20.2
17.2 20.2
18.0 20.2
18.8 20.2
19.5 20.2
20.2 20.2
21.0 20.2
21.8 20.2
22.5 20.2
23.2 20.2
24.0 20.2
24.8 20.2
25.5 20.2
26.2 20.2
27.0 20.2
27.8 20.2
28.5 20.2
29.2 20.2
30.0 20.2
30.8 20.2
31.5 20.2
32.2 20.2
33.0 20.2
-26.2 19.5
-25.5 19.5
-24.8 19.5
-24.0 19.5
-23.2 19.5
-22.5 19.5
-21.8 19.5
-21.0 19.5
-20.2 19.5
-19.5 19.5
-18.8 19.5
-18.0 19.5
-17.2 19.5
-16.5 19.5
-15.8 19.5
-15.0 19.5
-14.2 19.5
-13.5 19.5
-12.8 19.5
-12.0 19.5
-11.2 19.5
-10.5 19.5
-9.8 19.5
-9.0 19.5
-8.2 19.5
-7.5 19.5
-6.8 19.5
-6.0 19.5
-5.2 19.5
-4.5 19.5
-3.8 19.5
-3.0 19.5
-2.2 19.5
-1.5 19.5
-0.8 19.5
0.0 19.5
0.8 19.5
1.5 19.5
2.2 19.5
3.0 19.5
3.8 19.5
4.5 19.5
5.2 19.5
6.0 19.5
6.8 19.5
7.5 19.5
8.2 19.5
9.0 19.5
9.8 19.5
10.5 19.5
11.2 19.5
12.0 19.5
12.8 19.5
13.5 19.5
14.2 19.5
15.0 19.5
15.8 19.5
16.5 19.5
17.2 19.5
18.0 19.5
18.8 19.5
19.5 19.5
20.2 19.5
21.0 19.5
21.8 19.5
22.5 19.5
23.2 19.5
24.0 19.5
24.8 19.5
25.5 19.5
26.2 19.5
27.0 19.5
27.8 19.5
28.5 19.5
29.2 19.5
30.0 19.5
30.8 19.5
31.5 19.5
32.2 19.5
33.0 19.5
-26.2 18.8
-25.5 18.8
-24.8 18.8
-24.0 18.8
-23.2 18.8
-22.5 18.8
-21.8 18.8
-21.0 18.8
-20.2 18.8
-19.5 18.8
-18.8 18.8
-18.0 18.8
-17.2 18.8
-16.5 18.8
-15.8 18.8
-15.0 18.8
-14.2 18.8
-13.5 18.8
-12.8 18.8
-12.0 18.8
-11.2 18.8
-10.5 18.8
-9.8 18.8
-9.0 18.8
-8.2 18.8
-7.5 18.8
-6.8 18.8
-6.0 18.8
-5.2 18.8
-4.5 18.8
-3.8 18.8
-3.0 18.8
-2.2 18.8
-1.5 18.8
-0.8 18.8
0.0 18.8
0.8 18.8
1.5 18.8
2.2 18.8
3.0 18.8
3.8 18.8
4.5 18.8
5.2 18.8
6.0 18.8
6.8 18.8
7.5 18.8
8.2 18.8
9.0 18.8
9.8 18.8
10.5 18.8
11.2 18.8
12.0 18.8
12.8 18.8
13.5 18.8
14.2 18.8
15.0 18.8
15.8 18.8
16.5 18.8
17.2 18.8
18.0 18.8
18.8 18.8
19.5 18.8
20.2 18.8
21.0 18.8
21.8 18.8
22.5 18.8
23.2 18.8
24.0 18.8
24.8 18.8
25.5 18.8
26.2 18.8
27.0 18.8
27.8 18.8
28.5 18.8
29.2 18.8
30.0 18.8
30.8 18.8
31.5 18.8
32.2 18.8
33.0 18.8
-26.2 18.0
-25.5 18.0
-24.8 18.0
-24.0 18.0
-23.2 18.0
-22.5 18.0
-21.8 18.0
-21.0 18.0
-20.2 18.0
-19.5 18.0
-18.8 18.0
-18.0 18.0
-17.2 18.0
-16.5 18.0
-15.8 18.0
-15.0 18.0
-14.2 18.0
-13.5 18.0
-12.8 18.0
-12.0 18.0
-11.2 18.0
-10.5 18.0
-9.8 18.0
-9.0 18.0
-8.2 18.0
-7.5 18.0
-6.8 18.0
-6.0 18.0
-5.2 18.0
-4.5 18.0
-3.8 18.0
-3.0 18.0
-2.2 18.0
-1.5 18.0
-0.8 18.0
0.0 18.0
0.8 18.0
1.5 18.0
2.2 18.0
3.0 18.0
3.8 18.0
4.5 18.0
5.2 18.0
6.0 18.0
6.8 18.0
7.5 18.0
8.2 18.0
9.0 18.0
9.8 18.0
10.5 18.0
11.2 18.0
12.0 18.0
12.8 18.0
13.5 18.0
14.2 18.0
15.0 18.0
15.8 18.0
16.5 18.0
17.2 18.0
18.0 18.0
18.8 18.0
19.5 18.0
20.2 18.0
21.0 18.0
21.8 18.0
22.5 18.0
23.2 18.0
24.0 18.0
24.8 18.0
25.5 18.0
26.2 18.0
27.0 18.0
27.8 18.0
28.5 18.0
29.2 18.0
30.0 18.0
30.8 18.0
31.5 18.0
32.2 18.0
33.0 18.0
-26.2 17.2
-25.5 17.2
-24.8 17.2
-24.0 17.2
-23.2 17.2
-22.5 17.2
-21.8 17.2
-21.0 17.2
-20.2 17.2
-19.5 17.2
-18.8 17.2
-18.0 17.2
-17.2 17.2
-16.5 17.2
-15.8 17.2
-15.0 17.2
-14.2 17.2
-13.5 17.2
-12.8 17.2
-12.0 17.2
-11.2 17.2
-10.5 17.2
-9.8 17.2
-9.0 17.2
-8.2 17.2
-7.5 17.2
-6.8 17.2
-6.0 17.2
-5.2 17.2
-4.5 17.2
-3.8 17.2
-3.0 17.2
-2.2 17.2
-1.5 17.2
-0.8 17.2
0.0 17.2
0.8 17.2
1.5 17.2
2.2 17.2
3.0 17.2
3.8 17.2
4.5 17.2
5.2 17.2
6.0 17.2
6.8 17.2
7.5 17.2
8.2 17.2
9.0 17.2
9.8 17.2
10.5 17.2
11.2 17.2
12.0 17.2
12.8 17.2
13.5 17.2
14.2 17.2
15.0 17.2
15.8 17.2
16.5 17.2
17.2 17.2
18.0 17.2
18.8 17.2
19.5 17.2
20.2 17.2
21.0 17.2
21.8 17.2
22.5 17.2
23.2 17.2
24.0 17.2
24.8 17.2
25.5 17.2
26.2 17.2
27.0 17.2
27.8 17.2
28.5 17.2
29.2 17.2
30.0 17.2
30.8 17.2
31.5 17.2
32.2 17.2
33.0 17.2
-26.2 16.5
-25.5 16.5
-24.8 16.5
-24.0 16.5
-23.2 16.5
-22.5 16.5
-21.8 16.5
-21.0 16.5
-20.2 16.5
-19.5 16.5
-18.8 16.5
-18.0 16.5
-17.2 16.5
-16.5 16.5
-15.8 16.5
-15.0 16.5
-14.2 16.5
-13.5 16.5
-12.8 16.5
-12.0 16.5
-11.2 16.5
-10.5 16.5
-9.8 16.5
-9.0 16.5
-8.2 16.5
-7.5 16.5
-6.8 16.5
-6.0 16.5
-5.2 16.5
-4.5 16.5
-3.8 16.5
-3.0 16.5
-2.2 16.5
-1.5 16.5
-0.8 16.5
0.0 16.5
0.8 16.5
1.5 16.5
2.2 16.5
3.0 16.5
3.8 16.5
4.5 16.5
5.2 16.5
6.0 16.5
6.8 16.5
7.5 16.5
8.2 16.5
9.0 16.5
9.8 16.5
10.5 16.5
11.2 16.5
12.0 16.5
12.8 16.5
13.5 16.5
14.2 16.5
15.0 16.5
15.8 16.5
16.5 16.5
17.2 16.5
18.0 16.5
18.8 16.5
19.5 16.5
20.2 16.5
21.0 16.5
21.8 16.5
22.5 16.5
23.2 16.5
24.0 16.5
24.8 16.5
25.5 16.5
26.2 16.5
27.0 16.5
27.8 16.5
28.5 16.5
29.2 16.5
30.0 16.5
30.8 16.5
31.5 16.5
32.2 16.5
33.0 16.5
-26.2 15.8
-25.5 15.8
-24.8 15.8
-24.0 15.8
-23.2 15.8
-22.5 15.8
-21.8 15.8
-21.0 15.8
-20.2 15.8
-19.5 15.8
-18.8 15.8
-18.0 15.8
-17.2 15.8
-16.5 15.8
-15.8 15.8
-15.0 15.8
-14.2 15.8
-13.5 15.8
-12.8 15.8
-12.0 15.8
-11.2 15.8
-10.5 15.8
-9.8 15.8
-9.0 15.8
-8.2 15.8
-7.5 15.8
-6.8 15.8
-6.0 15.8
-5.2 15.8
-4.5 15.8
-3.8 15.8
-3.0 15.8
-2.2 15.8
-1.5 15.8
-0.8 15.8
0.0 15.8
0.8 15.8
1.5 15.8
2.2 15.8
3.0 15.8
3.8 15.8
4.5 15.8
5.2 15.8
6.0 15.8
6.8 15.8
7.5 15.8
8.2 15.8
9.0 15.8
9.8 15.8
10.5 15.8
11.2 15.8
12.0 15.8
12.8 15.8
13.5 15.8
14.2 15.8
15.0 15.8
15.8 15.8
16.5 15.8
17.2 15.8
18.0 15.8
18.8 15.8
19.5 15.8
20.2 15.8
21.0 15.8
21.8 15.8
22.5 15.8
23.2 15.8
24.0 15.8
24.8 15.8
25.5 15.8
26.2 15.8
27.0 15.8
27.8 15.8
28.5 15.8
29.2 15.8
30.0 15.8
30.8 15.8
31.5 15.8
32.2 15.8
33.0 15.8
-26.2 15.0
-25.5 15.0
-24.8 15.0
-24.0 15.0
-23.2 15.0
-22.5 15.0
-21.8 15.0
-21.0 15.0
-20.2 15.0
-19.5 15.0
-18.8 15.0
-18.0 15.0
-17.2 15.0
-16.5 15.0
-15.8 15.0
-15.0 15.0
-14.2 15.0
-13.5 15.0
-12.8 15.0
-12.0 15.0
-11.2 15.0
-10.5 15.0
-9.8 15.0
-9.0 15.0
-8.2 15.0
-7.5 15.0
-6.8 15.0
-6.0 15.0
-5.2 15.0
-4.5 15.0
-3.8 15.0
-3.0 15.0
-2.2 15.0
-1.5 15.0
-0.8 15.0
0.0 15.0
0.8 15.0
1.5 15.0
2.2 15.0
3.0 15.0
3.8 15.0
4.5 15.0
5.2 15.0
6.0 15.0
6.8 15.0
7.5 15.0
8.2 15.0
9.0 15.0
9.8 15.0
10.5 15.0
11.2 15.0
12.0 15.0
12.8 15.0
13.5 15.0
14.2 15.0
15.0 15.0
15.8 15.0
16.5 15.0
17.2 15.0
18.0 15.0
18.8 15.0
19.5 15.0
20.2 15.0
21.0 15.0
21.8 15.0
22.5 15.0
23.2 15.0
24.0 15.0
24.8 15.0
25.5 15.0
26.2 15.0
27.0 15.0
27.8 15.0
28.5 15.0
29.2 15.0
30.0 15.0
30.8 15.0
31.5 15.0
32.2 15.0
33.0 15.0
-26.2 14.2
-25.5 14.2
-24.8 14.2
-24.0 14.2
-23.2 14.2
-22.5 14.2
-21.8 14.2
-21.0 14.2
-20.2 14.2
-19.5 14.2
-18.8 14.2
-18.0 14.2
-17.2 14.2
-16.5 14.2
-15.8 14.2
-15.0 14.2
-14.2 14.2
-13.5 14.2
-12.8 14.2
-12.0 14.2
-11.2 14.2
-10.5 14.2
-9.8 14.2
-9.0 14.2
-8.2 14.2
-7.5 14.2
-6.8 14.2
-6.0 14.2
-5.2 14.2
-4.5 14.2
-3.8 14.2
-3.0 14.2
-2.2 14.2
-1.5 14.2
-0.8 14.2
0.0 14.2
0.8 14.2
1.5 14.2
2.2 14.2
3.0 14.2
3.8 14.2
4.5 14.2
5.2 14.2
6.0 14.2
6.8 14.2
7.5 14.2
8.2 14.2
9.0 14.2
9.8 14.2
10.5 14.2
11.2 14.2
12.0 14.2
12.8 14.2
13.5 14.2
14.2 14.2
15.0 14.2
15.8 14.2
16.5 14.2
17.2 14.2
18.0 14.2
18.8 14.2
19.5 14.2
20.2 14.2
21.0 14.2
21.8 14.2
22.5 14.2
23.2 14.2
24.0 14.2
24.8 14.2
25.5 14.2
26.2 14.2
27.0 14.2
27.8 14.2
28.5 14.2
29.2 14.2
30.0 14.2
30.8 14.2
31.5 14.2
32.2 14.2
33.0 14.2
-26.2 13.5
-25.5 13.5
-24.8 13.5
-24.0 13.5
-23.2 13.5
-22.5 13.5
-21.8 13.5
-21.0 13.5
-20.2 13.5
-19.5 13.5
-18.8 13.5
-18.0 13.5
-17.2 13.5
-16.5 13.5
-15.8 13.5
-15.0 13.5
-14.2 13.5
-13.5 13.5
-12.8 13.5
-12.0 13.5
-11.2 13.5
-10.5 13.5
-9.8 13.5
-9.0 13.5
-8.2 13.5
-7.5 13.5
-6.8 13.5
-6.0 13.5
-5.2 13.5
-4.5 13.5
-3.8 13.5
-3.0 13.5
-2.2 13.5
-1.5 13.5
-0.8 13.5
0.0 13.5
0.8 13.5
1.5 13.5
2.2 13.5
3.0 13.5
3.8 13.5
4.5 13.5
5.2 13.5
6.0 13.5
6.8 13.5
7.5 13.5
8.2 13.5
9.0 13.5
9.8 13.5
10.5 13.5
11.2 13.5
12.0 13.5
12.8 13.5
13.5 13.5
14.2 13.5
15.0 13.5
15.8 13.5
16.5 13.5
17.2 13.5
18.0 13.5
18.8 13.5
19.5 13.5
20.2 13.5
21.0 13.5
21.8 13.5
22.5 13.5
23.2 13.5
24.0 13.5
24.8 13.5
25.5 13.5
26.2 13.5
27.0 13.5
27.8 13.5
28.5 13.5
29.2 13.5
30.0 13.5
30.8 13.5
31.5 13.5
32.2 13.5
33.0 13.5
-26.2 12.8
-25.5 12.8
-24.8 12.8
-24.0 12.8
-23.2 12.8
-22.5 12.8
-21.8 12.8
-21.0 12.8
-20.2 12.8
-19.5 12.8
-18.8 12.8
-18.0 12.8
-17.2 12.8
-16.5 12.8
-15.8 12.8
-15.0 12.8
-14.2 12.8
-13.5 12.8
-12.8 12.8
-12.0 12.8
-11.2 12.8
-10.5 12.8
-9.8 12.8
-9.0 12.8
-8.2 12.8
-7.5 12.8
-6.8 12.8
-6.0 12.8
-5.2 12.8
-4.5 12.8
-3.8 12.8
-3.0 12.8
-2.2 12.8
-1.5 12.8
-0.8 12.8
0.0 12.8
0.8 12.8
1.5 12.8
2.2 12.8
3.0 12.8
3.8 12.8
4.5 12.8
5.2 12.8
6.0 12.8
6.8 12.8
7.5 12.8
8.2 12.8
9.0 12.8
9.8 12.8
10.5 12.8
11.2 12.8
12.0 12.8
12.8 12.8
13.5 12.8
14.2 12.8
15.0 12.8
15.8 12.8
16.5 12.8
17.2 12.8
18.0 12.8
18.8 12.8
19.5 12.8
20.2 12.8
21.0 12.8
21.8 12.8
22.5 12.8
23.2 12.8
24.0 12.8
24.8 12.8
25.5 12.8
26.2 12.8
27.0 12.8
27.8 12.8
28.5 12.8
29.2 12.8
30.0 12.8
30.8 12.8
31.5 12.8
32.2 12.8
33.0 12.8
-26.2 12.0
-25.5 12.0
-24.8 12.0
-24.0 12.0
-23.2 12.0
-22.5 12.0
-21.8 12.0
-21.0 12.0
-20.2 12.0
-19.5 12.0
-18.8 12.0
-18.0 12.0
-17.2 12.0
-16.5 12.0
-15.8 12.0
-15.0 12.0
-14.2 12.0
-13.5 12.0
-12.8 12.0
-12.0 12.0
-11.2 12.0
-10.5 12.0
-9.8 12.0
-9.0 12.0
-8.2 12.0
-7.5 12.0
-6.8 12.0
-6.0 12.0
-5.2 12.0
-4.5 12.0
-3.8 12.0
-3.0 12.0
-2.2 12.0
-1.5 12.0
-0.8 12.0
0.0 12.0
0.8 12.0
1.5 12.0
2.2 12.0
3.0 12.0
3.8 12.0
4.5 12.0
5.2 12.0
6.0 12.0
6.8 12.0
7.5 12.0
8.2 12.0
9.0 12.0
9.8 12.0
10.5 12.0
11.2 12.0
12.0 12.0
12.8 12.0
13.5 12.0
14.2 12.0
15.0 12.0
15.8 12.0
16.5 12.0
17.2 12.0
18.0 12.0
18.8 12.0
19.5 12.0
20.2 12.0
21.0 12.0
21.8 12.0
22.5 12.0
23.2 12.0
24.0 12.0
24.8 12.0
25.5 12.0
26.2 12.0
27.0 12.0
27.8 12.0
28.5 12.0
29.2 12.0
30.0 12.0
30.8 12.0
31.5 12.0
32.2 12.0
33.0 12.0
-26.2 11.2
-25.5 11.2
-24.8 11.2
-24.0 11.2
-23.2 11.2
-22.5 11.2
-21.8 11.2
-21.0 11.2
-20.2 11.2
-19.5 11.2
-18.8 11.2
-18.0 11.2
-17.2 11.2
-16.5 11.2
-15.8 11.2
-15.0 11.2
-14.2 11.2
-13.5 11.2
-12.8 11.2
-12.0 11.2
-11.2 11.2
-10.5 11.2
-9.8 11.2
-9.0 11.2
-8.2 11.2
-7.5 11.2
-6.8 11.2
-6.0 11.2
-5.2 11.2
-4.5 11.2
-3.8 11.2
-3.0 11.2
-2.2 11.2
-1.5 11.2
-0.8 11.2
0.0 11.2
0.8 11.2
1.5 11.2
2.2 11.2
3.0 11.2
3.8 11.2
4.5 11.2
5.2 11.2
6.0 11.2
6.8 11.2
7.5 11.2
8.2 11.2
9.0 11.2
9.8 11.2
10.5 11.2
11.2 11.2
12.0 11.2
12.8 11.2
13.5 11.2
14.2 11.2
15.0 11.2
15.8 11.2
16.5 11.2
17.2 11.2
18.0 11.2
18.8 11.2
19.5 11.2
20.2 11.2
21.0 11.2
21.8 11.2
22.5 11.2
23.2 11.2
24.0 11.2
24.8 11.2
25.5 11.2
26.2 11.2
27.0 11.2
27.8 11.2
28.5 11.2
29.2 11.2
30.0 11.2
30.8 11.2
31.5 11.2
32.2 11.2
33.0 11.2
-26.2 10.5
-25.5 10.5
-24.8 10.5
-24.0 10.5
-23.2 10.5
-22.5 10.5
-21.8 10.5
-21.0 10.5
-20.2 10.5
-19.5 10.5
-18.8 10.5
-18.0 10.5
-17.2 10.5
-16.5 10.5
-15.8 10.5
-15.0 10.5
-14.2 10.5
-13.5 10.5
-12.8 10.5
-12.0 10.5
-11.2 10.5
-10.5 10.5
-9.8 10.5
-9.0 10.5
-8.2 10.5
-7.5 10.5
-6.8 10.5
-6.0 10.5
-5.2 10.5
-4.5 10.5
-3.8 10.5
-3.0 10.5
-2.2 10.5
-1.5 10.5
-0.8 10.5
0.0 10.5
0.8 10.5
1.5 10.5
2.2 10.5
3.0 10.5
3.8 10.5
4.5 10.5
5.2 10.5
6.0 10.5
6.8 10.5
7.5 10.5
8.2 10.5
9.0 10.5
9.8 10.5
10.5 10.5
11.2 10.5
12.0 10.5
12.8 10.5
13.5 10.5
14.2 10.5
15.0 10.5
15.8 10.5
16.5 10.5
17.2 10.5
18.0 10.5
18.8 10.5
19.5 10.5
20.2 10.5
21.0 10.5
21.8 10.5
22.5 10.5
23.2 10.5
24.0 10.5
24.8 10.5
25.5 10.5
26.2 10.5
27.0 10.5
27.8 10.5
28.5 10.5
29.2 10.5
30.0 10.5
30.8 10.5
31.5 10.5
32.2 10.5
33.0 10.5
-26.2 9.8
-25.5 9.8
-24.8 9.8
-24.0 9.8
-23.2 9.8
-22.5 9.8
-21.8 9.8
-21.0 9.8
-20.2 9.8
-19.5 9.8
-18.8 9.8
-18.0 9.8
-17.2 9.8
-16.5 9.8
-15.8 9.8
-15.0 9.8
-14.2 9.8
-13.5 9.8
-12.8 9.8
-12.0 9.8
-11.2 9.8
-10.5 9.8
-9.8 9.8
-9.0 9.8
-8.2 9.8
-7.5 9.8
-6.8 9.8
-6.0 9.8
-5.2 9.8
-4.5 9.8
-3.8 9.8
-3.0 9.8
-2.2 9.8
-1.5 9.8
-0.8 9.8
0.0 9.8
0.8 9.8
1.5 9.8
2.2 9.8
3.0 9.8
3.8 9.8
4.5 9.8
5.2 9.8
6.0 9.8
6.8 9.8
7.5 9.8
8.2 9.8
9.0 9.8
9.8 9.8
10.5 9.8
11.2 9.8
12.0 9.8
12.8 9.8
13.5 9.8
14.2 9.8
15.0 9.8
15.8 9.8
16.5 9.8
17.2 9.8
18.0 9.8
18.8 9.8
19.5 9.8
20.2 9.8
21.0 9.8
21.8 9.8
22.5 9.8
23.2 9.8
24.0 9.8
24.8 9.8
25.5 9.8
26.2 9.8
27.0 9.8
27.8 9.8
28.5 9.8
29.2 9.8
30.0 9.8
30.8 9.8
31.5 9.8
32.2 9.8
33.0 9.8
-26.2 9.0
-25.5 9.0
-24.8 9.0
-24.0 9.0
-23.2 9.0
-22.5 9.0
-21.8 9.0
-21.0 9.0
-20.2 9.0
-19.5 9.0
-18.8 9.0
-18.0 9.0
-17.2 9.0
-16.5 9.0
-15.8 9.0
-15.0 9.0
-14.2 9.0
-13.5 9.0
-12.8 9.0
-12.0 9.0
-11.2 9.0
-10.5 9.0
-9.8 9.0
-9.0 9.0
-8.2 9.0
-7.5 9.0
-6.8 9.0
-6.0 9.0
-5.2 9.0
-4.5 9.0
-3.8 9.0
-3.0 9.0
-2.2 9.0
-1.5 9.0
-0.8 9.0
0.0 9.0
0.8 9.0
1.5 9.0
2.2 9.0
3.0 9.0
3.8 9.0
4.5 9.0
5.2 9.0
6.0 9.0
6.8 9.0
7.5 9.0
8.2 9.0
9.0 9.0
9.8 9.0
10.5 9.0
11.2 9.0
12.0 9.0
12.8 9.0
13.5 9.0
14.2 9.0
15.0 9.0
15.8 9.0
16.5 9.0
17.2 9.0
18.0 9.0
18.8 9.0
19.5 9.0
20.2 9.0
21.0 9.0
21.8 9.0
22.5 9.0
23.2 9.0
24.0 9.0
24.8 9.0
25.5 9.0
26.2 9.0
27.0 9.0
27.8 9.0
28.5 9.0
29.2 9.0
30.0 9.0
30.8 9.0
31.5 9.0
32.2 9.0
33.0 9.0
-26.2 8.2
-25.5 8.2
-24.8 8.2
-24.0 8.2
-23.2 8.2
-22.5 8.2
-21.8 8.2
-21.0 8.2
-20.2 8.2
-19.5 8.2
-18.8 8.2
-18.0 8.2
-17.2 8.2
-16.5 8.2
-15.8 8.2
-15.0 8.2
-14.2 8.2
-13.5 8.2
-12.8 8.2
-12.0 8.2
-11.2 8.2
-10.5 8.2
-9.8 8.2
-9.0 8.2
-8.2 8.2
-7.5 8.2
-6.8 8.2
-6.0 8.2
-5.2 8.2
-4.5 8.2
-3.8 8.2
-3.0 8.2
-2.2 8.2
-1.5 8.2
-0.8 8.2
0.0 8.2
0.8 8.2
1.5 8.2
2.2 8.2
3.0 8.2
3.8 8.2
4.5 8.2
5.2 8.2
6.0 8.2
6.8 8.2
7.5 8.2
8.2 8.2
9.0 8.2
9.8 8.2
10.5 8.2
11.2 8.2
12.0 8.2
12.8 8.2
13.5 8.2
14.2 8.2
15.0 8.2
15.8 8.2
16.5 8.2
17.2 8.2
18.0 8.2
18.8 8.2
19.5 8.2
20.2 8.2
21.0 8.2
21.8 8.2
22.5 8.2
23.2 8.2
24.0 8.2
24.8 8.2
25.5 8.2
26.2 8.2
27.0 8.2
27.8 8.2
28.5 8.2
29.2 8.2
30.0 8.2
30.8 8.2
31.5 8.2
32.2 8.2
33.0 8.2
-26.2 7.5
-25.5 7.5
-24.8 7.5
-24.0 7.5
-23.2 7.5
-22.5 7.5
-21.8 7.5
-21.0 7.5
-20.2 7.5
-19.5 7.5
-18.8 7.5
-18.0 7.5
-17.2 7.5
-16.5 7.5
-15.8 7.5
-15.0 7.5
-14.2 7.5
-13.5 7.5
-12.8 7.5
-12.0 7.5
-11.2 7.5
-10.5 7.5
-9.8 7.5
-9.0 7.5
-8.2 7.5
-7.5 7.5
-6.8 7.5
-6.0 7.5
-5.2 7.5
-4.5 7.5
-3.8 7.5
-3.0 7.5
-2.2 7.5
-1.5 7.5
-0.8 7.5
0.0 7.5
0.8 7.5
1.5 7.5
2.2 7.5
3.0 7.5
3.8 7.5
4.5 7.5
5.2 7.5
6.0 7.5
6.8 7.5
7.5 7.5
8.2 7.5
9.0 7.5
9.8 7.5
10.5 7.5
11.2 7.5
12.0 7.5
12.8 7.5
13.5 7.5
14.2 7.5
15.0 7.5
15.8 7.5
16.5 7.5
17.2 7.5
18.0 7.5
18.8 7.5
19.5 7.5
20.2 7.5
21.0 7.5
21.8 7.5
22.5 7.5
23.2 7.5
24.0 7.5
24.8 7.5
25.5 7.5
26.2 7.5
27.0 7.5
27.8 7.5
28.5 7.5
29.2 7.5
30.0 7.5
30.8 7.5
31.5 7.5
32.2 7.5
33.0 7.5
-26.2 6.8
-25.5 6.8
-24.8 6.8
-24.0 6.8
-23.2 6.8
-22.5 6.8
-21.8 6.8
-21.0 6.8
-20.2 6.8
-19.5 6.8
-18.8 6.8
-18.0 6.8
-17.2 6.8
-16.5 6.8
-15.8 6.8
-15.0 6.8
-14.2 6.8
-13.5 6.8
-12.8 6.8
-12.0 6.8
-11.2 6.8
-10.5 6.8
-9.8 6.8
-9.0 6.8
-8.2 6.8
-7.5 6.8
-6.8 6.8
-6.0 6.8
-5.2 6.8
-4.5 6.8
-3.8 6.8
-3.0 6.8
-2.2 6.8
-1.5 6.8
-0.8 6.8
0.0 6.8
0.8 6.8
1.5 6.8
2.2 6.8
3.0 6.8
3.8 6.8
4.5 6.8
5.2 6.8
6.0 6.8
6.8 6.8
7.5 6.8
8.2 6.8
9.0 6.8
9.8 6.8
10.5 6.8
11.2 6.8
12.0 6.8
12.8 6.8
13.5 6.8
14.2 6.8
15.0 6.8
15.8 6.8
16.5 6.8
17.2 6.8
18.0 6.8
18.8 6.8
19.5 6.8
20.2 6.8
21.0 6.8
21.8 6.8
22.5 6.8
23.2 6.8
24.0 6.8
24.8 6.8
25.5 6.8
26.2 6.8
27.0 6.8
27.8 6.8
28.5 6.8
29.2 6.8
30.0 6.8
30.8 6.8
31.5 6.8
32.2 6.8
33.0 6.8
-26.2 6.0
-25.5 6.0
-24.8 6.0
-24.0 6.0
-23.2 6.0
-22.5 6.0
-21.8 6.0
-21.0 6.0
-20.2 6.0
-19.5 6.0
-18.8 6.0
-18.0 6.0
-17.2 6.0
-16.5 6.0
-15.8 6.0
-15.0 6.0
-14.2 6.0
-13.5 6.0
-12.8 6.0
-12.0 6.0
-11.2 6.0
-10.5 6.0
-9.8 6.0
-9.0 6.0
-8.2 6.0
-7.5 6.0
-6.8 6.0
-6.0 6.0
-5.2 6.0
-4.5 6.0
-3.8 6.0
-3.0 6.0
-2.2 6.0
-1.5 6.0
-0.8 6.0
0.0 6.0
0.8 6.0
1.5 6.0
2.2 6.0
3.0 6.0
3.8 6.0
4.5 6.0
5.2 6.0
6.0 6.0
6.8 6.0
7.5 6.0
8.2 6.0
9.0 6.0
9.8 6.0
10.5 6.0
11.2 6.0
12.0 6.0
12.8 6.0
13.5 6.0
14.2 6.0
15.0 6.0
15.8 6.0
16.5 6.0
17.2 6.0
18.0 6.0
18.8 6.0
19.5 6.0
20.2 6.0
21.0 6.0
21.8 6.0
22.5 6.0
23.2 6.0
24.0 6.0
24.8 6.0
25.5 6.0
26.2 6.0
27.0 6.0
27.8 6.0
28.5 6.0
29.2 6.0
30.0 6.0
30.8 6.0
31.5 6.0
32.2 6.0
33.0 6.0
-26.2 5.2
-25.5 5.2
-24.8 5.2
-24.0 5.2
-23.2 5.2
-22.5 5.2
-21.8 5.2
-21.0 5.2
-20.2 5.2
-19.5 5.2
-18.8 5.2
-18.0 5.2
-17.2 5.2
-16.5 5.2
-15.8 5.2
-15.0 5.2
-14.2 5.2
-13.5 5.2
-12.8 5.2
-12.0 5.2
-11.2 5.2
-10.5 5.2
-9.8 5.2
-9.0 5.2
-8.2 5.2
-7.5 5.2
-6.8 5.2
-6.0 5.2
-5.2 5.2
-4.5 5.2
-3.8 5.2
-3.0 5.2
-2.2 5.2
-1.5 5.2
-0.8 5.2
0.0 5.2
0.8 5.2
1.5 5.2
2.2 5.2
3.0 5.2
3.8 5.2
4.5 5.2
5.2 5.2
6.0 5.2
6.8 5.2
7.5 5.2
8.2 5.2
9.0 5.2
9.8 5.2
10.5 5.2
11.2 5.2
12.0 5.2
12.8 5.2
13.5 5.2
14.2 5.2
15.0 5.2
15.8 5.2
16.5 5.2
17.2 5.2
18.0 5.2
18.8 5.2
19.5 5.2
20.2 5.2
21.0 5.2
21.8 5.2
22.5 5.2
23.2 5.2
24.0 5.2
24.8 5.2
25.5 5.2
26.2 5.2
27.0 5.2
27.8 5.2
28.5 5.2
29.2 5.2
30.0 5.2
30.8 5.2
31.5 5.2
32.2 5.2
33.0 5.2
-26.2 4.5
-25.5 4.5
-24.8 4.5
-24.0 4.5
-23.2 4.5
-22.5 4.5
-21.8 4.5
-21.0 4.5
-20.2 4.5
-19.5 4.5
-18.8 4.5
-18.0 4.5
-17.2 4.5
-16.5 4.5
-15.8 4.5
-15.0 4.5
-14.2 4.5
-13.5 4.5
-12.8 4.5
-12.0 4.5
-11.2 4.5
-10.5 4.5
-9.8 4.5
-9.0 4.5
-8.2 4.5
-7.5 4.5
-6.8 4.5
-6.0 4.5
-5.2 4.5
-4.5 4.5
-3.8 4.5
-3.0 4.5
-2.2 4.5
-1.5 4.5
-0.8 4.5
0.0 4.5
0.8 4.5
1.5 4.5
2.2 4.5
3.0 4.5
3.8 4.5
4.5 4.5
5.2 4.5
6.0 4.5
6.8 4.5
7.5 4.5
8.2 4.5
9.0 4.5
9.8 4.5
10.5 4.5
11.2 4.5
12.0 4.5
12.8 4.5
13.5 4.5
14.2 4.5
15.0 4.5
15.8 4.5
16.5 4.5
17.2 4.5
18.0 4.5
18.8 4.5
19.5 4.5
20.2 4.5
21.0 4.5
21.8 4.5
22.5 4.5
23.2 4.5
24.0 4.5
24.8 4.5
25.5 4.5
26.2 4.5
27.0 4.5
27.8 4.5
28.5 4.5
29.2 4.5
30.0 4.5
30.8 4.5
31.5 4.5
32.2 4.5
33.0 4.5
-26.2 3.8
-25.5 3.8
-24.8 3.8
-24.0 3.8
-23.2 3.8
-22.5 3.8
-21.8 3.8
-21.0 3.8
-20.2 3.8
-19.5 3.8
-18.8 3.8
-18.0 3.8
-17.2 3.8
-16.5 3.8
-15.8 3.8
-15.0 3.8
-14.2 3.8
-13.5 3.8
-12.8 3.8
-12.0 3.8
-11.2 3.8
-10.5 3.8
-9.8 3.8
-9.0 3.8
-8.2 3.8
-7.5 3.8
-6.8 3.8
-6.0 3.8
-5.2 3.8
-4.5 3.8
-3.8 3.8
-3.0 3.8
-2.2 3.8
-1.5 3.8
-0.8 3.8
0.0 3.8
0.8 3.8
1.5 3.8
2.2 3.8
3.0 3.8
3.8 3.8
4.5 3.8
5.2 3.8
6.0 3.8
6.8 3.8
7.5 3.8
8.2 3.8
9.0 3.8
9.8 3.8
10.5 3.8
11.2 3.8
12.0 3.8
12.8 3.8
13.5 3.8
14.2 3.8
15.0 3.8
15.8 3.8
16.5 3.8
17.2 3.8
18.0 3.8
18.8 3.8
19.5 3.8
20.2 3.8
21.0 3.8
21.8 3.8
22.5 3.8
23.2 3.8
24.0 3.8
24.8 3.8
25.5 3.8
26.2 3.8
27.0 3.8
27.8 3.8
28.5 3.8
29.2 3.8
30.0 3.8
30.8 3.8
31.5 3.8
32.2 3.8
33.0 3.8
-26.2 3.0
-25.5 3.0
-24.8 3.0
-24.0 3.0
-23.2 3.0
-22.5 3.0
-21.8 3.0
-21.0 3.0
-20.2 3.0
-19.5 3.0
-18.8 3.0
-18.0 3.0
-17.2 3.0
-16.5 3.0
-15.8 3.0
-15.0 3.0
-14.2 3.0
-13.5 3.0
-12.8 3.0
-12.0 3.0
-11.2 3.0
-10.5 3.0
-9.8 3.0
-9.0 3.0
-8.2 3.0
-7.5 3.0
-6.8 3.0
-6.0 3.0
-5.2 3.0
-4.5 3.0
-3.8 3.0
-3.0 3.0
-2.2 3.0
-1.5 3.0
-0.8 3.0
0.0 3.0
0.8 3.0
1.5 3.0
2.2 3.0
3.0 3.0
3.8 3.0
4.5 3.0
5.2 3.0
6.0 3.0
6.8 3.0
7.5 3.0
8.2 3.0
9.0 3.0
9.8 3.0
10.5 3.0
11.2 3.0
12.0 3.0
12.8 3.0
13.5 3.0
14.2 3.0
15.0 3.0
15.8 3.0
16.5 3.0
17.2 3.0
18.0 3.0
18.8 3.0
19.5 3.0
20.2 3.0
21.0 3.0
21.8 3.0
22.5 3.0
23.2 3.0
24.0 3.0
24.8 3.0
25.5 3.0
26.2 3.0
27.0 3.0
27.8 3.0
28.5 3.0
29.2 3.0
30.0 3.0
30.8 3.0
31.5 3.0
32.2 3.0
33.0 3.0
-26.2 2.2
-25.5 2.2
-24.8 2.2
-24.0 2.2
-23.2 2.2
-22.5 2.2
-21.8 2.2
-21.0 2.2
-20.2 2.2
-19.5 2.2
-18.8 2.2
-18.0 2.2
-17.2 2.2
-16.5 2.2
-15.8 2.2
-15.0 2.2
-14.2 2.2
-13.5 2.2
-12.8 2.2
-12.0 2.2
-11.2 2.2
-10.5 2.2
-9.8 2.2
-9.0 2.2
-8.2 2.2
-7.5 2.2
-6.8 2.2
-6.0 2.2
-5.2 2.2
-4.5 2.2
-3.8 2.2
-3.0 2.2
-2.2 2.2
-1.5 2.2
-0.8 2.2
0.0 2.2
0.8 2.2
1.5 2.2
2.2 2.2
3.0 2.2
3.8 2.2
4.5 2.2
5.2 2.2
6.0 2.2
6.8 2.2
7.5 2.2
8.2 2.2
9.0 2.2
9.8 2.2
10.5 2.2
11.2 2.2
12.0 2.2
12.8 2.2
13.5 2.2
14.2 2.2
15.0 2.2
15.8 2.2
16.5 2.2
17.2 2.2
18.0 2.2
18.8 2.2
19.5 2.2
20.2 2.2
21.0 2.2
21.8 2.2
22.5 2.2
23.2 2.2
24.0 2.2
24.8 2.2
25.5 2.2
26.2 2.2
27.0 2.2
27.8 2.2
28.5 2.2
29.2 2.2
30.0 2.2
30.8 2.2
31.5 2.2
32.2 2.2
33.0 2.2
-26.2 1.5
-25.5 1.5
-24.8 1.5
-24.0 1.5
-23.2 1.5
-22.5 1.5
-21.8 1.5
-21.0 1.5
-20.2 1.5
-19.5 1.5
-18.8 1.5
-18.0 1.5
-17.2 1.5
-16.5 1.5
-15.8 1.5
-15.0 1.5
-14.2 1.5
-13.5 1.5
-12.8 1.5
-12.0 1.5
-11.2 1.5
-10.5 1.5
-9.8 1.5
-9.0 1.5
-8.2 1.5
-7.5 1.5
-6.8 1.5
-6.0 1.5
-5.2 1.5
-4.5 1.5
-3.8 1.5
-3.0 1.5
-2.2 1.5
-1.5 1.5
-0.8 1.5
0.0 1.5
0.8 1.5
1.5 1.5
2.2 1.5
3.0 1.5
3.8 1.5
4.5 1.5
5.2 1.5
6.0 1.5
6.8 1.5
7.5 1.5
8.2 1.5
9.0 1.5
9.8 1.5
10.5 1.5
11.2 1.5
12.0 1.5
12.8 1.5
13.5 1.5
14.2 1.5
15.0 1.5
15.8 1.5
16.5 1.5
17.2 1.5
18.0 1.5
18.8 1.5
19.5 1.5
20.2 1.5
21.0 1.5
21.8 1.5
22.5 1.5
23.2 1.5
24.0 1.5
24.8 1.5
25.5 1.5
26.2 1.5
27.0 1.5
27.8 1.5
28.5 1.5
29.2 1.5
30.0 1.5
30.8 1.5
31.5 1.5
32.2 1.5
33.0 1.5
-26.2 0.8
-25.5 0.8
-24.8 0.8
-24.0 0.8
-23.2 0.8
-22.5 0.8
-21.8 0.8
-21.0 0.8
-20.2 0.8
-19.5 0.8
-18.8 0.8
-18.0 0.8
-17.2 0.8
-16.5 0.8
-15.8 0.8
-15.0 0.8
-14.2 0.8
-13.5 0.8
-12.8 0.8
-12.0 0.8
-11.2 0.8
-10.5 0.8
-9.8 0.8
-9.0 0.8
-8.2 0.8
-7.5 0.8
-6.8 0.8
-6.0 0.8
-5.2 0.8
-4.5 0.8
-3.8 0.8
-3.0 0.8
-2.2 0.8
-1.5 0.8
-0.8 0.8
0.0 0.8
0.8 0.8
1.5 0.8
2.2 0.8
3.0 0.8
3.8 0.8
4.5 0.8
5.2 0.8
6.0 0.8
6.8 0.8
7.5 0.8
8.2 0.8
9.0 0.8
9.8 0.8
10.5 0.8
11.2 0.8
12.0 0.8
12.8 0.8
13.5 0.8
14.2 0.8
15.0 0.8
15.8 0.8
16.5 0.8
17.2 0.8
18.0 0.8
18.8 0.8
19.5 0.8
20.2 0.8
21.0 0.8
21.8 0.8
22.5 0.8
23.2 0.8
24.0 0.8
24.8 0.8
25.5 0.8
26.2 0.8
27.0 0.8
27.8 0.8
28.5 0.8
29.2 0.8
30.0 0.8
30.8 0.8
31.5 0.8
32.2 0.8
33.0 0.8
-26.2 0.0
-25.5 0.0
-24.8 0.0
-24.0 0.0
-23.2 0.0
-22.5 0.0
-21.8 0.0
-21.0 0.0
-20.2 0.0
-19.5 0.0
-18.8 0.0
-18.0 0.0
-17.2 0.0
-16.5 0.0
-15.8 0.0
-15.0 0.0
-14.2 0.0
-13.5 0.0
-12.8 0.0
-12.0 0.0
-11.2 0.0
-10.5 0.0
-9.8 0.0
-9.0 0.0
-8.2 0.0
-7.5 0.0
-6.8 0.0
-6.0 0.0
-5.2 0.0
-4.5 0.0
-3.8 0.0
-3.0 0.0
-2.2 0.0
-1.5 0.0
-0.8 0.0
0.0 0.0
0.8 0.0
1.5 0.0
2.2 0.0
3.0 0.0
3.8 0.0
4.5 0.0
5.2 0.0
6.0 0.0
6.8 0.0
7.5 0.0
8.2 0.0
9.0 0.0
9.8 0.0
10.5 0.0
11.2 0.0
12.0 0.0
12.8 0.0
13.5 0.0
14.2 0.0
15.0 0.0
15.8 0.0
16.5 0.0
17.2 0.0
18.0 0.0
18.8 0.0
19.5 0.0
20.2 0.0
21.0 0.0
21.8 0.0
22.5 0.0
23.2 0.0
24.0 0.0
24.8 0.0
25.5 0.0
26.2 0.0
27.0 0.0
27.8 0.0
28.5 0.0
29.2 0.0
30.0 0.0
30.8 0.0
31.5 0.0
32.2 0.0
33.0 0.0
-26.2 -0.8
-25.5 -0.8
-24.8 -0.8
-24.0 -0.8
-23.2 -0.8
-22.5 -0.8
-21.8 -0.8
-21.0 -0.8
-20.2 -0.8
-19.5 -0.8
-18.8 -0.8
-18.0 -0.8
-17.2 -0.8
-16.5 -0.8
-15.8 -0.8
-15.0 -0.8
-14.2 -0.8
-13.5 -0.8
-12.8 -0.8
-12.0 -0.8
-11.2 -0.8
-10.5 -0.8
-9.8 -0.8
-9.0 -0.8
-8.2 -0.8
-7.5 -0.8
-6.8 -0.8
-6.0 -0.8
-5.2 -0.8
-4.5 -0.8
-3.8 -0.8
-3.0 -0.8
-2.2 -0.8
-1.5 -0.8
-0.8 -0.8
0.0 -0.8
0.8 -0.8
1.5 -0.8
2.2 -0.8
3.0 -0.8
3.8 -0.8
4.5 -0.8
5.2 -0.8
6.0 -0.8
6.8 -0.8
7.5 -0.8
8.2 -0.8
9.0 -0.8
9.8 -0.8
10.5 -0.8
11.2 -0.8
12.0 -0.8
12.8 -0.8
13.5 -0.8
14.2 -0.8
15.0 -0.8
15.8 -0.8
16.5 -0.8
17.2 -0.8
18.0 -0.8
18.8 -0.8
19.5 -0.8
20.2 -0.8
21.0 -0.8
21.8 -0.8
22.5 -0.8
23.2 -0.8
24.0 -0.8
24.8 -0.8
25.5 -0.8
26.2 -0.8
27.0 -0.8
27.8 -0.8
28.5 -0.8
29.2 -0.8
30.0 -0.8
30.8 -0.8
31.5 -0.8
32.2 -0.8
33.0 -0.8
-26.2 -1.5
-25.5 -1.5
-24.8 -1.5
-24.0 -1.5
-23.2 -1.5
-22.5 -1.5
-21.8 -1.5
-21.0 -1.5
-20.2 -1.5
-19.5 -1.5
-18.8 -1.5
-18.0 -1.5
-17.2 -1.5
-16.5 -1.5
-15.8 -1.5
-15.0 -1.5
-14.2 -1.5
-13.5 -1.5
-12.8 -1.5
-12.0 -1.5
-11.2 -1.5
-10.5 -1.5
-9.8 -1.5
-9.0 -1.5
-8.2 -1.5
-7.5 -1.5
-6.8 -1.5
-6.0 -1.5
-5.2 -1.5
-4.5 -1.5
-3.8 -1.5
-3.0 -1.5
-2.2 -1.5
-1.5 -1.5
-0.8 -1.5
0.0 -1.5
0.8 -1.5
1.5 -1.5
2.2 -1.5
3.0 -1.5
3.8 -1.5
4.5 -1.5
5.2 -1.5
6.0 -1.5
6.8 -1.5
7.5 -1.5
8.2 -1.5
9.0 -1.5
9.8 -1.5
10.5 -1.5
11.2 -1.5
12.0 -1.5
12.8 -1.5
13.5 -1.5
14.2 -1.5
15.0 -1.5
15.8 -1.5
16.5 -1.5
17.2 -1.5
18.0 -1.5
18.8 -1.5
19.5 -1.5
20.2 -1.5
21.0 -1.5
21.8 -1.5
22.5 -1.5
23.2 -1.5
24.0 -1.5
24.8 -1.5
25.5 -1.5
26.2 -1.5
27.0 -1.5
27.8 -1.5
28.5 -1.5
29.2 -1.5
30.0 -1.5
30.8 -1.5
31.5 -1.5
32.2 -1.5
33.0 -1.5
-26.2 -2.2
-25.5 -2.2
-24.8 -2.2
-24.0 -2.2
-23.2 -2.2
-22.5 -2.2
-21.8 -2.2
-21.0 -2.2
-20.2 -2.2
-19.5 -2.2
-18.8 -2.2
-18.0 -2.2
-17.2 -2.2
-16.5 -2.2
-15.8 -2.2
-15.0 -2.2
-14.2 -2.2
-13.5 -2.2
-12.8 -2.2
-12.0 -2.2
-11.2 -2.2
-10.5 -2.2
-9.8 -2.2
-9.0 -2.2
-8.2 -2.2
-7.5 -2.2
-6.8 -2.2
-6.0 -2.2
-5.2 -2.2
-4.5 -2.2
-3.8 -2.2
-3.0 -2.2
-2.2 -2.2
-1.5 -2.2
-0.8 -2.2
0.0 -2.2
0.8 -2.2
1.5 -2.2
2.2 -2.2
3.0 -2.2
3.8 -2.2
4.5 -2.2
5.2 -2.2
6.0 -2.2
6.8 -2.2
7.5 -2.2
8.2 -2.2
9.0 -2.2
9.8 -2.2
10.5 -2.2
11.2 -2.2
12.0 -2.2
12.8 -2.2
13.5 -2.2
14.2 -2.2
15.0 -2.2
15.8 -2.2
16.5 -2.2
17.2 -2.2
18.0 -2.2
18.8 -2.2
19.5 -2.2
20.2 -2.2
21.0 -2.2
21.8 -2.2
22.5 -2.2
23.2 -2.2
24.0 -2.2
24.8 -2.2
25.5 -2.2
26.2 -2.2
27.0 -2.2
27.8 -2.2
28.5 -2.2
29.2 -2.2
30.0 -2.2
30.8 -2.2
31.5 -2.2
32.2 -2.2
33.0 -2.2
-26.2 -3.0
-25.5 -3.0
-24.8 -3.0
-24.0 -3.0
-23.2 -3.0
-22.5 -3.0
-21.8 -3.0
-21.0 -3.0
-20.2 -3.0
-19.5 -3.0
-18.8 -3.0
-18.0 -3.0
-17.2 -3.0
-16.5 -3.0
-15.8 -3.0
-15.0 -3.0
-14.2 -3.0
-13.5 -3.0
-12.8 -3.0
-12.0 -3.0
-11.2 -3.0
-10.5 -3.0
-9.8 -3.0
-9.0 -3.0
-8.2 -3.0
-7.5 -3.0
-6.8 -3.0
-6.0 -3.0
-5.2 -3.0
-4.5 -3.0
-3.8 -3.0
-3.0 -3.0
-2.2 -3.0
-1.5 -3.0
-0.8 -3.0
0.0 -3.0
0.8 -3.0
1.5 -3.0
2.2 -3.0
3.0 -3.0
3.8 -3.0
4.5 -3.0
5.2 -3.0
6.0 -3.0
6.8 -3.0
7.5 -3.0
8.2 -3.0
9.0 -3.0
9.8 -3.0
10.5 -3.0
11.2 -3.0
12.0 -3.0
12.8 -3.0
13.5 -3.0
14.2 -3.0
15.0 -3.0
15.8 -3.0
16.5 -3.0
17.2 -3.0
18.0 -3.0
18.8 -3.0
19.5 -3.0
20.2 -3.0
21.0 -3.0
21.8 -3.0
22.5 -3.0
23.2 -3.0
24.0 -3.0
24.8 -3.0
25.5 -3.0
26.2 -3.0
27.0 -3.0
27.8 -3.0
28.5 -3.0
29.2 -3.0
30.0 -3.0
30.8 -3.0
31.5 -3.0
32.2 -3.0
33.0 -3.0
-26.2 -3.8
-25.5 -3.8
-24.8 -3.8
-24.0 -3.8
-23.2 -3.8
-22.5 -3.8
-21.8 -3.8
-21.0 -3.8
-20.2 -3.8
-19.5 -3.8
-18.8 -3.8
-18.0 -3.8
-17.2 -3.8
-16.5 -3.8
-15.8 -3.8
-15.0 -3.8
-14.2 -3.8
-13.5 -3.8
-12.8 -3.8
-12.0 -3.8
-11.2 -3.8
-10.5 -3.8
-9.8 -3.8
-9.0 -3.8
-8.2 -3.8
-7.5 -3.8
-6.8 -3.8
-6.0 -3.8
-5.2 -3.8
-4.5 -3.8
-3.8 -3.8
-3.0 -3.8
-2.2 -3.8
-1.5 -3.8
-0.8 -3.8
0.0 -3.8
0.8 -3.8
1.5 -3.8
2.2 -3.8
3.0 -3.8
3.8 -3.8
4.5 -3.8
5.2 -3.8
6.0 -3.8
6.8 -3.8
7.5 -3.8
8.2 -3.8
9.0 -3.8
9.8 -3.8
10.5 -3.8
11.2 -3.8
12.0 -3.8
12.8 -3.8
13.5 -3.8
14.2 -3.8
15.0 -3.8
15.8 -3.8
16.5 -3.8
17.2 -3.8
18.0 -3.8
18.8 -3.8
19.5 -3.8
20.2 -3.8
21.0 -3.8
21.8 -3.8
22.5 -3.8
23.2 -3.8
24.0 -3.8
24.8 -3.8
25.5 -3.8
26.2 -3.8
27.0 -3.8
27.8 -3.8
28.5 -3.8
29.2 -3.8
30.0 -3.8
30.8 -3.8
31.5 -3.8
32.2 -3.8
33.0 -3.8
-26.2 -4.5
-25.5 -4.5
-24.8 -4.5
-24.0 -4.5
-23.2 -4.5
-22.5 -4.5
-21.8 -4.5
-21.0 -4.5
-20.2 -4.5
-19.5 -4.5
-18.8 -4.5
-18.0 -4.5
-17.2 -4.5
-16.5 -4.5
-15.8 -4.5
-15.0 -4.5
-14.2 -4.5
-13.5 -4.5
-12.8 -4.5
-12.0 -4.5
-11.2 -4.5
-10.5 -4.5
-9.8 -4.5
-9.0 -4.5
-8.2 -4.5
-7.5 -4.5
-6.8 -4.5
-6.0 -4.5
-5.2 -4.5
-4.5 -4.5
-3.8 -4.5
-3.0 -4.5
-2.2 -4.5
-1.5 -4.5
-0.8 -4.5
0.0 -4.5
0.8 -4.5
1.5 -4.5
2.2 -4.5
3.0 -4.5
3.8 -4.5
4.5 -4.5
5.2 -4.5
6.0 -4.5
6.8 -4.5
7.5 -4.5
8.2 -4.5
9.0 -4.5
9.8 -4.5
10.5 -4.5
11.2 -4.5
12.0 -4.5
12.8 -4.5
13.5 -4.5
14.2 -4.5
15.0 -4.5
15.8 -4.5
16.5 -4.5
17.2 -4.5
18.0 -4.5
18.8 -4.5
19.5 -4.5
20.2 -4.5
21.0 -4.5
21.8 -4.5
22.5 -4.5
23.2 -4.5
24.0 -4.5
24.8 -4.5
25.5 -4.5
26.2 -4.5
27.0 -4.5
27.8 -4.5
28.5 -4.5
29.2 -4.5
30.0 -4.5
30.8 -4.5
31.5 -4.5
32.2 -4.5
33.0 -4.5
-26.2 -5.2
-25.5 -5.2
-24.8 -5.2
-24.0 -5.2
-23.2 -5.2
-22.5 -5.2
-21.8 -5.2
-21.0 -5.2
-20.2 -5.2
-19.5 -5.2
-18.8 -5.2
-18.0 -5.2
-17.2 -5.2
-16.5 -5.2
-15.8 -5.2
-15.0 -5.2
-14.2 -5.2
-13.5 -5.2
-12.8 -5.2
-12.0 -5.2
-11.2 -5.2
-10.5 -5.2
-9.8 -5.2
-9.0 -5.2
-8.2 -5.2
-7.5 -5.2
-6.8 -5.2
-6.0 -5.2
-5.2 -5.2
-4.5 -5.2
-3.8 -5.2
-3.0 -5.2
-2.2 -5.2
-1.5 -5.2
-0.8 -5.2
0.0 -5.2
0.8 -5.2
1.5 -5.2
2.2 -5.2
3.0 -5.2
3.8 -5.2
4.5 -5.2
5.2 -5.2
6.0 -5.2
6.8 -5.2
7.5 -5.2
8.2 -5.2
9.0 -5.2
9.8 -5.2
10.5 -5.2
11.2 -5.2
12.0 -5.2
12.8 -5.2
13.5 -5.2
14.2 -5.2
15.0 -5.2
15.8 -5.2
16.5 -5.2
17.2 -5.2
18.0 -5.2
18.8 -5.2
19.5 -5.2
20.2 -5.2
21.0 -5.2
21.8 -5.2
22.5 -5.2
23.2 -5.2
24.0 -5.2
24.8 -5.2
25.5 -5.2
26.2 -5.2
27.0 -5.2
27.8 -5.2
28.5 -5.2
29.2 -5.2
30.0 -5.2
30.8 -5.2
31.5 -5.2
32.2 -5.2
33.0 -5.2
-26.2 -6.0
-25.5 -6.0
-24.8 -6.0
-24.0 -6.0
-23.2 -6.0
-22.5 -6.0
-21.8 -6.0
-21.0 -6.0
-20.2 -6.0
-19.5 -6.0
-18.8 -6.0
-18.0 -6.0
-17.2 -6.0
-16.5 -6.0
-15.8 -6.0
-15.0 -6.0
-14.2 -6.0
-13.5 -6.0
-12.8 -6.0
-12.0 -6.0
-11.2 -6.0
-10.5 -6.0
-9.8 -6.0
-9.0 -6.0
-8.2 -6.0
-7.5 -6.0
-6.8 -6.0
-6.0 -6.0
-5.2 -6.0
-4.5 -6.0
-3.8 -6.0
-3.0 -6.0
-2.2 -6.0
-1.5 -6.0
-0.8 -6.0
0.0 -6.0
0.8 -6.0
1.5 -6.0
2.2 -6.0
3.0 -6.0
3.8 -6.0
4.5 -6.0
5.2 -6.0
6.0 -6.0
6.8 -6.0
7.5 -6.0
8.2 -6.0
9.0 -6.0
9.8 -6.0
10.5 -6.0
11.2 -6.0
12.0 -6.0
12.8 -6.0
13.5 -6.0
14.2 -6.0
15.0 -6.0
15.8 -6.0
16.5 -6.0
17.2 -6.0
18.0 -6.0
18.8 -6.0
19.5 -6.0
20.2 -6.0
21.0 -6.0
21.8 -6.0
22.5 -6.0
23.2 -6.0
24.0 -6.0
24.8 -6.0
25.5 -6.0
26.2 -6.0
27.0 -6.0
27.8 -6.0
28.5 -6.0
29.2 -6.0
30.0 -6.0
30.8 -6.0
31.5 -6.0
32.2 -6.0
33.0 -6.0
-26.2 -6.8
-25.5 -6.8
-24.8 -6.8
-24.0 -6.8
-23.2 -6.8
-22.5 -6.8
-21.8 -6.8
-21.0 -6.8
-20.2 -6.8
-19.5 -6.8
-18.8 -6.8
-18.0 -6.8
-17.2 -6.8
-16.5 -6.8
-15.8 -6.8
-15.0 -6.8
-14.2 -6.8
-13.5 -6.8
-12.8 -6.8
-12.0 -6.8
-11.2 -6.8
-10.5 -6.8
-9.8 -6.8
-9.0 -6.8
-8.2 -6.8
-7.5 -6.8
-6.8 -6.8
-6.0 -6.8
-5.2 -6.8
-4.5 -6.8
-3.8 -6.8
-3.0 -6.8
-2.2 -6.8
-1.5 -6.8
-0.8 -6.8
0.0 -6.8
0.8 -6.8
1.5 -6.8
2.2 -6.8
3.0 -6.8
3.8 -6.8
4.5 -6.8
5.2 -6.8
6.0 -6.8
6.8 -6.8
7.5 -6.8
8.2 -6.8
9.0 -6.8
9.8 -6.8
10.5 -6.8
11.2 -6.8
12.0 -6.8
12.8 -6.8
13.5 -6.8
14.2 -6.8
15.0 -6.8
15.8 -6.8
16.5 -6.8
17.2 -6.8
18.0 -6.8
18.8 -6.8
19.5 -6.8
20.2 -6.8
21.0 -6.8
21.8 -6.8
22.5 -6.8
23.2 -6.8
24.0 -6.8
24.8 -6.8
25.5 -6.8
26.2 -6.8
27.0 -6.8
27.8 -6.8
28.5 -6.8
29.2 -6.8
30.0 -6.8
30.8 -6.8
31.5 -6.8
32.2 -6.8
33.0 -6.8
-26.2 -7.5
-25.5 -7.5
-24.8 -7.5
-24.0 -7.5
-23.2 -7.5
-22.5 -7.5
-21.8 -7.5
-21.0 -7.5
-20.2 -7.5
-19.5 -7.5
-18.8 -7.5
-18.0 -7.5
-17.2 -7.5
-16.5 -7.5
-15.8 -7.5
-15.0 -7.5
-14.2 -7.5
-13.5 -7.5
-12.8 -7.5
-12.0 -7.5
-11.2 -7.5
-10.5 -7.5
-9.8 -7.5
-9.0 -7.5
-8.2 -7.5
-7.5 -7.5
-6.8 -7.5
-6.0 -7.5
-5.2 -7.5
-4.5 -7.5
-3.8 -7.5
-3.0 -7.5
-2.2 -7.5
-1.5 -7.5
-0.8 -7.5
0.0 -7.5
0.8 -7.5
1.5 -7.5
2.2 -7.5
3.0 -7.5
3.8 -7.5
4.5 -7.5
5.2 -7.5
6.0 -7.5
6.8 -7.5
7.5 -7.5
8.2 -7.5
9.0 -7.5
9.8 -7.5
10.5 -7.5
11.2 -7.5
12.0 -7.5
12.8 -7.5
13.5 -7.5
14.2 -7.5
15.0 -7.5
15.8 -7.5
16.5 -7.5
17.2 -7.5
18.0 -7.5
18.8 -7.5
19.5 -7.5
20.2 -7.5
21.0 -7.5
21.8 -7.5
22.5 -7.5
23.2 -7.5
24.0 -7.5
24.8 -7.5
25.5 -7.5
26.2 -7.5
27.0 -7.5
27.8 -7.5
28.5 -7.5
29.2 -7.5
30.0 -7.5
30.8 -7.5
31.5 -7.5
32.2 -7.5
33.0 -7.5
-26.2 -8.2
-25.5 -8.2
-24.8 -8.2
-24.0 -8.2
-23.2 -8.2
-22.5 -8.2
-21.8 -8.2
-21.0 -8.2
-20.2 -8.2
-19.5 -8.2
-18.8 -8.2
-18.0 -8.2
-17.2 -8.2
-16.5 -8.2
-15.8 -8.2
-15.0 -8.2
-14.2 -8.2
-13.5 -8.2
-12.8 -8.2
-12.0 -8.2
-11.2 -8.2
-10.5 -8.2
-9.8 -8.2
-9.0 -8.2
-8.2 -8.2
-7.5 -8.2
-6.8 -8.2
-6.0 -8.2
-5.2 -8.2
-4.5 -8.2
-3.8 -8.2
-3.0 -8.2
-2.2 -8.2
-1.5 -8.2
-0.8 -8.2
0.0 -8.2
0.8 -8.2
1.5 -8.2
2.2 -8.2
3.0 -8.2
3.8 -8.2
4.5 -8.2
5.2 -8.2
6.0 -8.2
6.8 -8.2
7.5 -8.2
8.2 -8.2
9.0 -8.2
9.8 -8.2
10.5 -8.2
11.2 -8.2
12.0 -8.2
12.8 -8.2
13.5 -8.2
14.2 -8.2
15.0 -8.2
15.8 -8.2
16.5 -8.2
17.2 -8.2
18.0 -8.2
18.8 -8.2
19.5 -8.2
20.2 -8.2
21.0 -8.2
21.8 -8.2
22.5 -8.2
23.2 -8.2
24.0 -8.2
24.8 -8.2
25.5 -8.2
26.2 -8.2
27.0 -8.2
27.8 -8.2
28.5 -8.2
29.2 -8.2
30.0 -8.2
30.8 -8.2
31.5 -8.2
32.2 -8.2
33.0 -8.2
-26.2 -9.0
-25.5 -9.0
-24.8 -9.0
-24.0 -9.0
-23.2 -9.0
-22.5 -9.0
-21.8 -9.0
-21.0 -9.0
-20.2 -9.0
-19.5 -9.0
-18.8 -9.0
-18.0 -9.0
-17.2 -9.0
-16.5 -9.0
-15.8 -9.0
-15.0 -9.0
-14.2 -9.0
-13.5 -9.0
-12.8 -9.0
-12.0 -9.0
-11.2 -9.0
-10.5 -9.0
-9.8 -9.0
-9.0 -9.0
-8.2 -9.0
-7.5 -9.0
-6.8 -9.0
-6.0 -9.0
-5.2 -9.0
-4.5 -9.0
-3.8 -9.0
-3.0 -9.0
-2.2 -9.0
-1.5 -9.0
-0.8 -9.0
0.0 -9.0
0.8 -9.0
1.5 -9.0
2.2 -9.0
3.0 -9.0
3.8 -9.0
4.5 -9.0
5.2 -9.0
6.0 -9.0
6.8 -9.0
7.5 -9.0
8.2 -9.0
9.0 -9.0
9.8 -9.0
10.5 -9.0
11.2 -9.0
12.0 -9.0
12.8 -9.0
13.5 -9.0
14.2 -9.0
15.0 -9.0
15.8 -9.0
16.5 -9.0
17.2 -9.0
18.0 -9.0
18.8 -9.0
19.5 -9.0
20.2 -9.0
21.0 -9.0
21.8 -9.0
22.5 -9.0
23.2 -9.0
24.0 -9.0
24.8 -9.0
25.5 -9.0
26.2 -9.0
27.0 -9.0
27.8 -9.0
28.5 -9.0
29.2 -9.0
30.0 -9.0
30.8 -9.0
31.5 -9.0
32.2 -9.0
33.0 -9.0
-26.2 -9.8
-25.5 -9.8
-24.8 -9.8
-24.0 -9.8
-23.2 -9.8
-22.5 -9.8
-21.8 -9.8
-21.0 -9.8
-20.2 -9.8
-19.5 -9.8
-18.8 -9.8
-18.0 -9.8
-17.2 -9.8
-16.5 -9.8
-15.8 -9.8
-15.0 -9.8
-14.2 -9.8
-13.5 -9.8
-12.8 -9.8
-12.0 -9.8
-11.2 -9.8
-10.5 -9.8
-9.8 -9.8
-9.0 -9.8
-8.2 -9.8
-7.5 -9.8
-6.8 -9.8
-6.0 -9.8
-5.2 -9.8
-4.5 -9.8
-3.8 -9.8
-3.0 -9.8
-2.2 -9.8
-1.5 -9.8
-0.8 -9.8
0.0 -9.8
0.8 -9.8
1.5 -9.8
2.2 -9.8
3.0 -9.8
3.8 -9.8
4.5 -9.8
5.2 -9.8
6.0 -9.8
6.8 -9.8
7.5 -9.8
8.2 -9.8
9.0 -9.8
9.8 -9.8
10.5 -9.8
11.2 -9.8
12.0 -9.8
12.8 -9.8
13.5 -9.8
14.2 -9.8
15.0 -9.8
15.8 -9.8
16.5 -9.8
17.2 -9.8
18.0 -9.8
18.8 -9.8
19.5 -9.8
20.2 -9.8
21.0 -9.8
21.8 -9.8
22.5 -9.8
23.2 -9.8
24.0 -9.8
24.8 -9.8
25.5 -9.8
26.2 -9.8
27.0 -9.8
27.8 -9.8
28.5 -9.8
29.2 -9.8
30.0 -9.8
30.8 -9.8
31.5 -9.8
32.2 -9.8
33.0 -9.8
-26.2 -10.5
-25.5 -10.5
-24.8 -10.5
-24.0 -10.5
-23.2 -10.5
-22.5 -10.5
-21.8 -10.5
-21.0 -10.5
-20.2 -10.5
-19.5 -10.5
-18.8 -10.5
-18.0 -10.5
-17.2 -10.5
-16.5 -10.5
-15.8 -10.5
-15.0 -10.5
-14.2 -10.5
-13.5 -10.5
-12.8 -10.5
-12.0 -10.5
-11.2 -10.5
-10.5 -10.5
-9.8 -10.5
-9.0 -10.5
-8.2 -10.5
-7.5 -10.5
-6.8 -10.5
-6.0 -10.5
-5.2 -10.5
-4.5 -10.5
-3.8 -10.5
-3.0 -10.5
-2.2 -10.5
-1.5 -10.5
-0.8 -10.5
0.0 -10.5
0.8 -10.5
1.5 -10.5
2.2 -10.5
3.0 -10.5
3.8 -10.5
4.5 -10.5
5.2 -10.5
6.0 -10.5
6.8 -10.5
7.5 -10.5
8.2 -10.5
9.0 -10.5
9.8 -10.5
10.5 -10.5
11.2 -10.5
12.0 -10.5
12.8 -10.5
13.5 -10.5
14.2 -10.5
15.0 -10.5
15.8 -10.5
16.5 -10.5
17.2 -10.5
18.0 -10.5
18.8 -10.5
19.5 -10.5
20.2 -10.5
21.0 -10.5
21.8 -10.5
22.5 -10.5
23.2 -10.5
24.0 -10.5
24.8 -10.5
25.5 -10.5
26.2 -10.5
27.0 -10.5
27.8 -10.5
28.5 -10.5
29.2 -10.5
30.0 -10.5
30.8 -10.5
31.5 -10.5
32.2 -10.5
33.0 -10.5
-26.2 -11.2
-25.5 -11.2
-24.8 -11.2
-24.0 -11.2
-23.2 -11.2
-22.5 -11.2
-21.8 -11.2
-21.0 -11.2
-20.2 -11.2
-19.5 -11.2
-18.8 -11.2
-18.0 -11.2
-17.2 -11.2
-16.5 -11.2
-15.8 -11.2
-15.0 -11.2
-14.2 -11.2
-13.5 -11.2
-12.8 -11.2
-12.0 -11.2
-11.2 -11.2
-10.5 -11.2
-9.8 -11.2
-9.0 -11.2
-8.2 -11.2
-7.5 -11.2
-6.8 -11.2
-6.0 -11.2
-5.2 -11.2
-4.5 -11.2
-3.8 -11.2
-3.0 -11.2
-2.2 -11.2
-1.5 -11.2
-0.8 -11.2
0.0 -11.2
0.8 -11.2
1.5 -11.2
2.2 -11.2
3.0 -11.2
3.8 -11.2
4.5 -11.2
5.2 -11.2
6.0 -11.2
6.8 -11.2
7.5 -11.2
8.2 -11.2
9.0 -11.2
9.8 -11.2
10.5 -11.2
11.2 -11.2
12.0 -11.2
12.8 -11.2
13.5 -11.2
14.2 -11.2
15.0 -11.2
15.8 -11.2
16.5 -11.2
17.2 -11.2
18.0 -11.2
18.8 -11.2
19.5 -11.2
20.2 -11.2
21.0 -11.2
21.8 -11.2
22.5 -11.2
23.2 -11.2
24.0 -11.2
24.8 -11.2
25.5 -11.2
26.2 -11.2
27.0 -11.2
27.8 -11.2
28.5 -11.2
29.2 -11.2
30.0 -11.2
30.8 -11.2
31.5 -11.2
32.2 -11.2
33.0 -11.2
-26.2 -12.0
-25.5 -12.0
-24.8 -12.0
-24.0 -12.0
-23.2 -12.0
-22.5 -12.0
-21.8 -12.0
-21.0 -12.0
-20.2 -12.0
-19.5 -12.0
-18.8 -12.0
-18.0 -12.0
-17.2 -12.0
-16.5 -12.0
-15.8 -12.0
-15.0 -12.0
-14.2 -12.0
-13.5 -12.0
-12.8 -12.0
-12.0 -12.0
-11.2 -12.0
-10.5 -12.0
-9.8 -12.0
-9.0 -12.0
-8.2 -12.0
-7.5 -12.0
-6.8 -12.0
-6.0 -12.0
-5.2 -12.0
-4.5 -12.0
-3.8 -12.0
-3.0 -12.0
-2.2 -12.0
-1.5 -12.0
-0.8 -12.0
0.0 -12.0
0.8 -12.0
1.5 -12.0
2.2 -12.0
3.0 -12.0
3.8 -12.0
4.5 -12.0
5.2 -12.0
6.0 -12.0
6.8 -12.0
7.5 -12.0
8.2 -12.0
9.0 -12.0
9.8 -12.0
10.5 -12.0
11.2 -12.0
12.0 -12.0
12.8 -12.0
13.5 -12.0
14.2 -12.0
15.0 -12.0
15.8 -12.0
16.5 -12.0
17.2 -12.0
18.0 -12.0
18.8 -12.0
19.5 -12.0
20.2 -12.0
21.0 -12.0
21.8 -12.0
22.5 -12.0
23.2 -12.0
24.0 -12.0
24.8 -12.0
25.5 -12.0
26.2 -12.0
27.0 -12.0
27.8 -12.0
28.5 -12.0
29.2 -12.0
30.0 -12.0
30.8 -12.0
31.5 -12.0
32.2 -12.0
33.0 -12.0
-26.2 -12.8
-25.5 -12.8
-24.8 -12.8
-24.0 -12.8
-23.2 -12.8
-22.5 -12.8
-21.8 -12.8
-21.0 -12.8
-20.2 -12.8
-19.5 -12.8
-18.8 -12.8
-18.0 -12.8
-17.2 -12.8
-16.5 -12.8
-15.8 -12.8
-15.0 -12.8
-14.2 -12.8
-13.5 -12.8
-12.8 -12.8
-12.0 -12.8
-11.2 -12.8
-10.5 -12.8
-9.8 -12.8
-9.0 -12.8
-8.2 -12.8
-7.5 -12.8
-6.8 -12.8
-6.0 -12.8
-5.2 -12.8
-4.5 -12.8
-3.8 -12.8
-3.0 -12.8
-2.2 -12.8
-1.5 -12.8
-0.8 -12.8
0.0 -12.8
0.8 -12.8
1.5 -12.8
2.2 -12.8
3.0 -12.8
3.8 -12.8
4.5 -12.8
5.2 -12.8
6.0 -12.8
6.8 -12.8
7.5 -12.8
8.2 -12.8
9.0 -12.8
9.8 -12.8
10.5 -12.8
11.2 -12.8
12.0 -12.8
12.8 -12.8
13.5 -12.8
14.2 -12.8
15.0 -12.8
15.8 -12.8
16.5 -12.8
17.2 -12.8
18.0 -12.8
18.8 -12.8
19.5 -12.8
20.2 -12.8
21.0 -12.8
21.8 -12.8
22.5 -12.8
23.2 -12.8
24.0 -12.8
24.8 -12.8
25.5 -12.8
26.2 -12.8
27.0 -12.8
27.8 -12.8
28.5 -12.8
29.2 -12.8
30.0 -12.8
30.8 -12.8
31.5 -12.8
32.2 -12.8
33.0 -12.8
-26.2 -13.5
-25.5 -13.5
-24.8 -13.5
-24.0 -13.5
-23.2 -13.5
-22.5 -13.5
-21.8 -13.5
-21.0 -13.5
-20.2 -13.5
-19.5 -13.5
-18.8 -13.5
-18.0 -13.5
-17.2 -13.5
-16.5 -13.5
-15.8 -13.5
-15.0 -13.5
-14.2 -13.5
-13.5 -13.5
-12.8 -13.5
-12.0 -13.5
-11.2 -13.5
-10.5 -13.5
-9.8 -13.5
-9.0 -13.5
-8.2 -13.5
-7.5 -13.5
-6.8 -13.5
-6.0 -13.5
-5.2 -13.5
-4.5 -13.5
-3.8 -13.5
-3.0 -13.5
-2.2 -13.5
-1.5 -13.5
-0.8 -13.5
0.0 -13.5
0.8 -13.5
1.5 -13.5
2.2 -13.5
3.0 -13.5
3.8 -13.5
4.5 -13.5
5.2 -13.5
6.0 -13.5
6.8 -13.5
7.5 -13.5
8.2 -13.5
9.0 -13.5
9.8 -13.5
10.5 -13.5
11.2 -13.5
12.0 -13.5
12.8 -13.5
13.5 -13.5
14.2 -13.5
15.0 -13.5
15.8 -13.5
16.5 -13.5
17.2 -13.5
18.0 -13.5
18.8 -13.5
19.5 -13.5
20.2 -13.5
21.0 -13.5
21.8 -13.5
22.5 -13.5
23.2 -13.5
24.0 -13.5
24.8 -13.5
25.5 -13.5
26.2 -13.5
27.0 -13.5
27.8 -13.5
28.5 -13.5
29.2 -13.5
30.0 -13.5
30.8 -13.5
31.5 -13.5
32.2 -13.5
33.0 -13.5
-26.2 -14.2
-25.5 -14.2
-24.8 -14.2
-24.0 -14.2
-23.2 -14.2
-22.5 -14.2
-21.8 -14.2
-21.0 -14.2
-20.2 -14.2
-19.5 -14.2
-18.8 -14.2
-18.0 -14.2
-17.2 -14.2
-16.5 -14.2
-15.8 -14.2
-15.0 -14.2
-14.2 -14.2
-13.5 -14.2
-12.8 -14.2
-12.0 -14.2
-11.2 -14.2
-10.5 -14.2
-9.8 -14.2
-9.0 -14.2
-8.2 -14.2
-7.5 -14.2
-6.8 -14.2
-6.0 -14.2
-5.2 -14.2
-4.5 -14.2
-3.8 -14.2
-3.0 -14.2
-2.2 -14.2
-1.5 -14.2
-0.8 -14.2
0.0 -14.2
0.8 -14.2
1.5 -14.2
2.2 -14.2
3.0 -14.2
3.8 -14.2
4.5 -14.2
5.2 -14.2
6.0 -14.2
6.8 -14.2
7.5 -14.2
8.2 -14.2
9.0 -14.2
9.8 -14.2
10.5 -14.2
11.2 -14.2
12.0 -14.2
12.8 -14.2
13.5 -14.2
14.2 -14.2
15.0 -14.2
15.8 -14.2
16.5 -14.2
17.2 -14.2
18.0 -14.2
18.8 -14.2
19.5 -14.2
20.2 -14.2
21.0 -14.2
21.8 -14.2
22.5 -14.2
23.2 -14.2
24.0 -14.2
24.8 -14.2
25.5 -14.2
26.2 -14.2
27.0 -14.2
27.8 -14.2
28.5 -14.2
29.2 -14.2
30.0 -14.2
30.8 -14.2
31.5 -14.2
32.2 -14.2
33.0 -14.2
-26.2 -15.0
-25.5 -15.0
-24.8 -15.0
-24.0 -15.0
-23.2 -15.0
-22.5 -15.0
-21.8 -15.0
-21.0 -15.0
-20.2 -15.0
-19.5 -15.0
-18.8 -15.0
-18.0 -15.0
-17.2 -15.0
-16.5 -15.0
-15.8 -15.0
-15.0 -15.0
-14.2 -15.0
-13.5 -15.0
-12.8 -15.0
-12.0 -15.0
-11.2 -15.0
-10.5 -15.0
-9.8 -15.0
-9.0 -15.0
-8.2 -15.0
-7.5 -15.0
-6.8 -15.0
-6.0 -15.0
-5.2 -15.0
-4.5 -15.0
-3.8 -15.0
-3.0 -15.0
-2.2 -15.0
-1.5 -15.0
-0.8 -15.0
0.0 -15.0
0.8 -15.0
1.5 -15.0
2.2 -15.0
3.0 -15.0
3.8 -15.0
4.5 -15.0
5.2 -15.0
6.0 -15.0
6.8 -15.0
7.5 -15.0
8.2 -15.0
9.0 -15.0
9.8 -15.0
10.5 -15.0
11.2 -15.0
12.0 -15.0
12.8 -15.0
13.5 -15.0
14.2 -15.0
15.0 -15.0
15.8 -15.0
16.5 -15.0
17.2 -15.0
18.0 -15.0
18.8 -15.0
19.5 -15.0
20.2 -15.0
21.0 -15.0
21.8 -15.0
22.5 -15.0
23.2 -15.0
24.0 -15.0
24.8 -15.0
25.5 -15.0
26.2 -15.0
27.0 -15.0
27.8 -15.0
28.5 -15.0
29.2 -15.0
30.0 -15.0
30.8 -15.0
31.5 -15.0
32.2 -15.0
33.0 -15.0
-26.2 -15.8
-25.5 -15.8
-24.8 -15.8
-24.0 -15.8
-23.2 -15.8
-22.5 -15.8
-21.8 -15.8
-21.0 -15.8
-20.2 -15.8
-19.5 -15.8
-18.8 -15.8
-18.0 -15.8
-17.2 -15.8
-16.5 -15.8
-15.8 -15.8
-15.0 -15.8
-14.2 -15.8
-13.5 -15.8
-12.8 -15.8
-12.0 -15.8
-11.2 -15.8
-10.5 -15.8
-9.8 -15.8
-9.0 -15.8
-8.2 -15.8
-7.5 -15.8
-6.8 -15.8
-6.0 -15.8
-5.2 -15.8
-4.5 -15.8
-3.8 -15.8
-3.0 -15.8
-2.2 -15.8
-1.5 -15.8
-0.8 -15.8
0.0 -15.8
0.8 -15.8
1.5 -15.8
2.2 -15.8
3.0 -15.8
3.8 -15.8
4.5 -15.8
5.2 -15.8
6.0 -15.8
6.8 -15.8
7.5 -15.8
8.2 -15.8
9.0 -15.8
9.8 -15.8
10.5 -15.8
11.2 -15.8
12.0 -15.8
12.8 -15.8
13.5 -15.8
14.2 -15.8
15.0 -15.8
15.8 -15.8
16.5 -15.8
17.2 -15.8
18.0 -15.8
18.8 -15.8
19.5 -15.8
20.2 -15.8
21.0 -15.8
21.8 -15.8
22.5 -15.8
23.2 -15.8
24.0 -15.8
24.8 -15.8
25.5 -15.8
26.2 -15.8
27.0 -15.8
27.8 -15.8
28.5 -15.8
29.2 -15.8
30.0 -15.8
30.8 -15.8
31.5 -15.8
32.2 -15.8
33.0 -15.8
-26.2 -16.5
-25.5 -16.5
-24.8 -16.5
-24.0 -16.5
-23.2 -16.5
-22.5 -16.5
-21.8 -16.5
-21.0 -16.5
-20.2 -16.5
-19.5 -16.5
-18.8 -16.5
-18.0 -16.5
-17.2 -16.5
-16.5 -16.5
-15.8 -16.5
-15.0 -16.5
-14.2 -16.5
-13.5 -16.5
-12.8 -16.5
-12.0 -16.5
-11.2 -16.5
-10.5 -16.5
-9.8 -16.5
-9.0 -16.5
-8.2 -16.5
-7.5 -16.5
-6.8 -16.5
-6.0 -16.5
-5.2 -16.5
-4.5 -16.5
-3.8 -16.5
-3.0 -16.5
-2.2 -16.5
-1.5 -16.5
-0.8 -16.5
0.0 -16.5
0.8 -16.5
1.5 -16.5
2.2 -16.5
3.0 -16.5
3.8 -16.5
4.5 -16.5
5.2 -16.5
6.0 -16.5
6.8 -16.5
7.5 -16.5
8.2 -16.5
9.0 -16.5
9.8 -16.5
10.5 -16.5
11.2 -16.5
12.0 -16.5
12.8 -16.5
13.5 -16.5
14.2 -16.5
15.0 -16.5
15.8 -16.5
16.5 -16.5
17.2 -16.5
18.0 -16.5
18.8 -16.5
19.5 -16.5
20.2 -16.5
21.0 -16.5
21.8 -16.5
22.5 -16.5
23.2 -16.5
24.0 -16.5
24.8 -16.5
25.5 -16.5
26.2 -16.5
27.0 -16.5
27.8 -16.5
28.5 -16.5
29.2 -16.5
30.0 -16.5
30.8 -16.5
31.5 -16.5
32.2 -16.5
33.0 -16.5
-26.2 -17.2
-25.5 -17.2
-24.8 -17.2
-24.0 -17.2
-23.2 -17.2
-22.5 -17.2
-21.8 -17.2
-21.0 -17.2
-20.2 -17.2
-19.5 -17.2
-18.8 -17.2
-18.0 -17.2
-17.2 -17.2
-16.5 -17.2
-15.8 -17.2
-15.0 -17.2
-14.2 -17.2
-13.5 -17.2
-12.8 -17.2
-12.0 -17.2
-11.2 -17.2
-10.5 -17.2
-9.8 -17.2
-9.0 -17.2
-8.2 -17.2
-7.5 -17.2
-6.8 -17.2
-6.0 -17.2
-5.2 -17.2
-4.5 -17.2
-3.8 -17.2
-3.0 -17.2
-2.2 -17.2
-1.5 -17.2
-0.8 -17.2
0.0 -17.2
0.8 -17.2
1.5 -17.2
2.2 -17.2
3.0 -17.2
3.8 -17.2
4.5 -17.2
5.2 -17.2
6.0 -17.2
6.8 -17.2
7.5 -17.2
8.2 -17.2
9.0 -17.2
9.8 -17.2
10.5 -17.2
11.2 -17.2
12.0 -17.2
12.8 -17.2
13.5 -17.2
14.2 -17.2
15.0 -17.2
15.8 -17.2
16.5 -17.2
17.2 -17.2
18.0 -17.2
18.8 -17.2
19.5 -17.2
20.2 -17.2
21.0 -17.2
21.8 -17.2
22.5 -17.2
23.2 -17.2
24.0 -17.2
24.8 -17.2
25.5 -17.2
26.2 -17.2
27.0 -17.2
27.8 -17.2
28.5 -17.2
29.2 -17.2
30.0 -17.2
30.8 -17.2
31.5 -17.2
32.2 -17.2
33.0 -17.2
-26.2 -18.0
-25.5 -18.0
-24.8 -18.0
-24.0 -18.0
-23.2 -18.0
-22.5 -18.0
-21.8 -18.0
-21.0 -18.0
-20.2 -18.0
-19.5 -18.0
-18.8 -18.0
-18.0 -18.0
-17.2 -18.0
-16.5 -18.0
-15.8 -18.0
-15.0 -18.0
-14.2 -18.0
-13.5 -18.0
-12.8 -18.0
-12.0 -18.0
-11.2 -18.0
-10.5 -18.0
-9.8 -18.0
-9.0 -18.0
-8.2 -18.0
-7.5 -18.0
-6.8 -18.0
-6.0 -18.0
-5.2 -18.0
-4.5 -18.0
-3.8 -18.0
-3.0 -18.0
-2.2 -18.0
-1.5 -18.0
-0.8 -18.0
0.0 -18.0
0.8 -18.0
1.5 -18.0
2.2 -18.0
3.0 -18.0
3.8 -18.0
4.5 -18.0
5.2 -18.0
6.0 -18.0
6.8 -18.0
7.5 -18.0
8.2 -18.0
9.0 -18.0
9.8 -18.0
10.5 -18.0
11.2 -18.0
12.0 -18.0
12.8 -18.0
13.5 -18.0
14.2 -18.0
15.0 -18.0
15.8 -18.0
16.5 -18.0
17.2 -18.0
18.0 -18.0
18.8 -18.0
19.5 -18.0
20.2 -18.0
21.0 -18.0
21.8 -18.0
22.5 -18.0
23.2 -18.0
24.0 -18.0
24.8 -18.0
25.5 -18.0
26.2 -18.0
27.0 -18.0
27.8 -18.0
28.5 -18.0
29.2 -18.0
30.0 -18.0
30.8 -18.0
31.5 -18.0
32.2 -18.0
33.0 -18.0
-26.2 -18.8
-25.5 -18.8
-24.8 -18.8
-24.0 -18.8
-23.2 -18.8
-22.5 -18.8
-21.8 -18.8
-21.0 -18.8
-20.2 -18.8
-19.5 -18.8
-18.8 -18.8
-18.0 -18.8
-17.2 -18.8
-16.5 -18.8
-15.8 -18.8
-15.0 -18.8
-14.2 -18.8
-13.5 -18.8
-12.8 -18.8
-12.0 -18.8
-11.2 -18.8
-10.5 -18.8
-9.8 -18.8
-9.0 -18.8
-8.2 -18.8
-7.5 -18.8
-6.8 -18.8
-6.0 -18.8
-5.2 -18.8
-4.5 -18.8
-3.8 -18.8
-3.0 -18.8
-2.2 -18.8
-1.5 -18.8
-0.8 -18.8
0.0 -18.8
0.8 -18.8
1.5 -18.8
2.2 -18.8
3.0 -18.8
3.8 -18.8
4.5 -18.8
5.2 -18.8
6.0 -18.8
6.8 -18.8
7.5 -18.8
8.2 -18.8
9.0 -18.8
9.8 -18.8
10.5 -18.8
11.2 -18.8
12.0 -18.8
12.8 -18.8
13.5 -18.8
14.2 -18.8
15.0 -18.8
15.8 -18.8
16.5 -18.8
17.2 -18.8
18.0 -18.8
18.8 -18.8
19.5 -18.8
20.2 -18.8
21.0 -18.8
21.8 -18.8
22.5 -18.8
23.2 -18.8
24.0 -18.8
24.8 -18.8
25.5 -18.8
26.2 -18.8
27.0 -18.8
27.8 -18.8
28.5 -18.8
29.2 -18.8
30.0 -18.8
30.8 -18.8
31.5 -18.8
32.2 -18.8
33.0 -18.8
-26.2 -19.5
-25.5 -19.5
-24.8 -19.5
-24.0 -19.5
-23.2 -19.5
-22.5 -19.5
-21.8 -19.5
-21.0 -19.5
-20.2 -19.5
-19.5 -19.5
-18.8 -19.5
-18.0 -19.5
-17.2 -19.5
-16.5 -19.5
-15.8 -19.5
-15.0 -19.5
-14.2 -19.5
-13.5 -19.5
-12.8 -19.5
-12.0 -19.5
-11.2 -19.5
-10.5 -19.5
-9.8 -19.5
-9.0 -19.5
-8.2 -19.5
-7.5 -19.5
-6.8 -19.5
-6.0 -19.5
-5.2 -19.5
-4.5 -19.5
-3.8 -19.5
-3.0 -19.5
-2.2 -19.5
-1.5 -19.5
-0.8 -19.5
0.0 -19.5
0.8 -19.5
1.5 -19.5
2.2 -19.5
3.0 -19.5
3.8 -19.5
4.5 -19.5
5.2 -19.5
6.0 -19.5
6.8 -19.5
7.5 -19.5
8.2 -19.5
9.0 -19.5
9.8 -19.5
10.5 -19.5
11.2 -19.5
12.0 -19.5
12.8 -19.5
13.5 -19.5
14.2 -19.5
15.0 -19.5
15.8 -19.5
16.5 -19.5
17.2 -19.5
18.0 -19.5
18.8 -19.5
19.5 -19.5
20.2 -19.5
21.0 -19.5
21.8 -19.5
22.5 -19.5
23.2 -19.5
24.0 -19.5
24.8 -19.5
25.5 -19.5
26.2 -19.5
27.0 -19.5
27.8 -19.5
28.5 -19.5
29.2 -19.5
30.0 -19.5
30.8 -19.5
31.5 -19.5
32.2 -19.5
33.0 -19.5
-26.2 -20.2
-25.5 -20.2
-24.8 -20.2
-24.0 -20.2
-23.2 -20.2
-22.5 -20.2
-21.8 -20.2
-21.0 -20.2
-20.2 -20.2
-19.5 -20.2
-18.8 -20.2
-18.0 -20.2
-17.2 -20.2
-16.5 -20.2
-15.8 -20.2
-15.0 -20.2
-14.2 -20.2
-13.5 -20.2
-12.8 -20.2
-12.0 -20.2
-11.2 -20.2
-10.5 -20.2
-9.8 -20.2
-9.0 -20.2
-8.2 -20.2
-7.5 -20.2
-6.8 -20.2
-6.0 -20.2
-5.2 -20.2
-4.5 -20.2
-3.8 -20.2
-3.0 -20.2
-2.2 -20.2
-1.5 -20.2
-0.8 -20.2
0.0 -20.2
0.8 -20.2
1.5 -20.2
2.2 -20.2
3.0 -20.2
3.8 -20.2
4.5 -20.2
5.2 -20.2
6.0 -20.2
6.8 -20.2
7.5 -20.2
8.2 -20.2
9.0 -20.2
9.8 -20.2
10.5 -20.2
11.2 -20.2
12.0 -20.2
12.8 -20.2
13.5 -20.2
14.2 -20.2
15.0 -20.2
15.8 -20.2
16.5 -20.2
17.2 -20.2
18.0 -20.2
18.8 -20.2
19.5 -20.2
20.2 -20.2
21.0 -20.2
21.8 -20.2
22.5 -20.2
23.2 -20.2
24.0 -20.2
24.8 -20.2
25.5 -20.2
26.2 -20.2
27.0 -20.2
27.8 -20.2
28.5 -20.2
29.2 -20.2
30.0 -20.2
30.8 -20.2
31.5 -20.2
32.2 -20.2
33.0 -20.2
-26.2 -21.0
-25.5 -21.0
-24.8 -21.0
-24.0 -21.0
-23.2 -21.0
-22.5 -21.0
-21.8 -21.0
-21.0 -21.0
-20.2 -21.0
-19.5 -21.0
-18.8 -21.0
-18.0 -21.0
-17.2 -21.0
-16.5 -21.0
-15.8 -21.0
-15.0 -21.0
-14.2 -21.0
-13.5 -21.0
-12.8 -21.0
-12.0 -21.0
-11.2 -21.0
-10.5 -21.0
-9.8 -21.0
-9.0 -21.0
-8.2 -21.0
-7.5 -21.0
-6.8 -21.0
-6.0 -21.0
-5.2 -21.0
-4.5 -21.0
-3.8 -21.0
-3.0 -21.0
-2.2 -21.0
-1.5 -21.0
-0.8 -21.0
0.0 -21.0
0.8 -21.0
1.5 -21.0
2.2 -21.0
3.0 -21.0
3.8 -21.0
4.5 -21.0
5.2 -21.0
6.0 -21.0
6.8 -21.0
7.5 -21.0
8.2 -21.0
9.0 -21.0
9.8 -21.0
10.5 -21.0
11.2 -21.0
12.0 -21.0
12.8 -21.0
13.5 -21.0
14.2 -21.0
15.0 -21.0
15.8 -21.0
16.5 -21.0
17.2 -21.0
18.0 -21.0
18.8 -21.0
19.5 -21.0
20.2 -21.0
21.0 -21.0
21.8 -21.0
22.5 -21.0
23.2 -21.0
24.0 -21.0
24.8 -21.0
25.5 -21.0
26.2 -21.0
27.0 -21.0
27.8 -21.0
28.5 -21.0
29.2 -21.0
30.0 -21.0
30.8 -21.0
31.5 -21.0
32.2 -21.0
33.0 -21.0
-26.2 -21.8
-25.5 -21.8
-24.8 -21.8
-24.0 -21.8
-23.2 -21.8
-22.5 -21.8
-21.8 -21.8
-21.0 -21.8
-20.2 -21.8
-19.5 -21.8
-18.8 -21.8
-18.0 -21.8
-17.2 -21.8
-16.5 -21.8
-15.8 -21.8
-15.0 -21.8
-14.2 -21.8
-13.5 -21.8
-12.8 -21.8
-12.0 -21.8
-11.2 -21.8
-10.5 -21.8
-9.8 -21.8
-9.0 -21.8
-8.2 -21.8
-7.5 -21.8
-6.8 -21.8
-6.0 -21.8
-5.2 -21.8
-4.5 -21.8
-3.8 -21.8
-3.0 -21.8
-2.2 -21.8
-1.5 -21.8
-0.8 -21.8
0.0 -21.8
0.8 -21.8
1.5 -21.8
2.2 -21.8
3.0 -21.8
3.8 -21.8
4.5 -21.8
5.2 -21.8
6.0 -21.8
6.8 -21.8
7.5 -21.8
8.2 -21.8
9.0 -21.8
9.8 -21.8
10.5 -21.8
11.2 -21.8
12.0 -21.8
12.8 -21.8
13.5 -21.8
14.2 -21.8
15.0 -21.8
15.8 -21.8
16.5 -21.8
17.2 -21.8
18.0 -21.8
18.8 -21.8
19.5 -21.8
20.2 -21.8
21.0 -21.8
21.8 -21.8
22.5 -21.8
23.2 -21.8
24.0 -21.8
24.8 -21.8
25.5 -21.8
26.2 -21.8
27.0 -21.8
27.8 -21.8
28.5 -21.8
29.2 -21.8
30.0 -21.8
30.8 -21.8
31.5 -21.8
32.2 -21.8
33.0 -21.8
-26.2 -22.5
-25.5 -22.5
-24.8 -22.5
-24.0 -22.5
-23.2 -22.5
-22.5 -22.5
-21.8 -22.5
-21.0 -22.5
-20.2 -22.5
-19.5 -22.5
-18.8 -22.5
-18.0 -22.5
-17.2 -22.5
-16.5 -22.5
-15.8 -22.5
-15.0 -22.5
-14.2 -22.5
-13.5 -22.5
-12.8 -22.5
-12.0 -22.5
-11.2 -22.5
-10.5 -22.5
-9.8 -22.5
-9.0 -22.5
-8.2 -22.5
-7.5 -22.5
-6.8 -22.5
-6.0 -22.5
-5.2 -22.5
-4.5 -22.5
-3.8 -22.5
-3.0 -22.5
-2.2 -22.5
-1.5 -22.5
-0.8 -22.5
0.0 -22.5
0.8 -22.5
1.5 -22.5
2.2 -22.5
3.0 -22.5
3.8 -22.5
4.5 -22.5
5.2 -22.5
6.0 -22.5
6.8 -22.5
7.5 -22.5
8.2 -22.5
9.0 -22.5
9.8 -22.5
10.5 -22.5
11.2 -22.5
12.0 -22.5
12.8 -22.5
13.5 -22.5
14.2 -22.5
15.0 -22.5
15.8 -22.5
16.5 -22.5
17.2 -22.5
18.0 -22.5
18.8 -22.5
19.5 -22.5
20.2 -22.5
21.0 -22.5
21.8 -22.5
22.5 -22.5
23.2 -22.5
24.0 -22.5
24.8 -22.5
25.5 -22.5
26.2 -22.5
27.0 -22.5
27.8 -22.5
28.5 -22.5
29.2 -22.5
30.0 -22.5
30.8 -22.5
31.5 -22.5
32.2 -22.5
33.0 -22.5
-26.2 -23.2
-25.5 -23.2
-24.8 -23.2
-24.0 -23.2
-23.2 -23.2
-22.5 -23.2
-21.8 -23.2
-21.0 -23.2
-20.2 -23.2
-19.5 -23.2
-18.8 -23.2
-18.0 -23.2
-17.2 -23.2
-16.5 -23.2
-15.8 -23.2
-15.0 -23.2
-14.2 -23.2
-13.5 -23.2
-12.8 -23.2
-12.0 -23.2
-11.2 -23.2
-10.5 -23.2
-9.8 -23.2
-9.0 -23.2
-8.2 -23.2
-7.5 -23.2
-6.8 -23.2
-6.0 -23.2
-5.2 -23.2
-4.5 -23.2
-3.8 -23.2
-3.0 -23.2
-2.2 -23.2
-1.5 -23.2
-0.8 -23.2
0.0 -23.2
0.8 -23.2
1.5 -23.2
2.2 -23.2
3.0 -23.2
3.8 -23.2
4.5 -23.2
5.2 -23.2
6.0 -23.2
6.8 -23.2
7.5 -23.2
8.2 -23.2
9.0 -23.2
9.8 -23.2
10.5 -23.2
11.2 -23.2
12.0 -23.2
12.8 -23.2
13.5 -23.2
14.2 -23.2
15.0 -23.2
15.8 -23.2
16.5 -23.2
17.2 -23.2
18.0 -23.2
18.8 -23.2
19.5 -23.2
20.2 -23.2
21.0 -23.2
21.8 -23.2
22.5 -23.2
23.2 -23.2
24.0 -23.2
24.8 -23.2
25.5 -23.2
26.2 -23.2
27.0 -23.2
27.8 -23.2
28.5 -23.2
29.2 -23.2
30.0 -23.2
30.8 -23.2
31.5 -23.2
32.2 -23.2
33.0 -23.2
-26.2 -24.0
-25.5 -24.0
-24.8 -24.0
-24.0 -24.0
-23.2 -24.0
-22.5 -24.0
-21.8 -24.0
-21.0 -24.0
-20.2 -24.0
-19.5 -24.0
-18.8 -24.0
-18.0 -24.0
-17.2 -24.0
-16.5 -24.0
-15.8 -24.0
-15.0 -24.0
-14.2 -24.0
-13.5 -24.0
-12.8 -24.0
-12.0 -24.0
-11.2 -24.0
-10.5 -24.0
-9.8 -24.0
-9.0 -24.0
-8.2 -24.0
-7.5 -24.0
-6.8 -24.0
-6.0 -24.0
-5.2 -24.0
-4.5 -24.0
-3.8 -24.0
-3.0 -24.0
-2.2 -24.0
-1.5 -24.0
-0.8 -24.0
0.0 -24.0
0.8 -24.0
1.5 -24.0
2.2 -24.0
3.0 -24.0
3.8 -24.0
4.5 -24.0
5.2 -24.0
6.0 -24.0
6.8 -24.0
7.5 -24.0
8.2 -24.0
9.0 -24.0
9.8 -24.0
10.5 -24.0
11.2 -24.0
12.0 -24.0
12.8 -24.0
13.5 -24.0
14.2 -24.0
15.0 -24.0
15.8 -24.0
16.5 -24.0
17.2 -24.0
18.0 -24.0
18.8 -24.0
19.5 -24.0
20.2 -24.0
21.0 -24.0
21.8 -24.0
22.5 -24.0
23.2 -24.0
24.0 -24.0
24.8 -24.0
25.5 -24.0
26.2 -24.0
27.0 -24.0
27.8 -24.0
28.5 -24.0
29.2 -24.0
30.0 -24.0
30.8 -24.0
31.5 -24.0
32.2 -24.0
33.0 -24.0
-26.2 -24.8
-25.5 -24.8
-24.8 -24.8
-24.0 -24.8
-23.2 -24.8
-22.5 -24.8
-21.8 -24.8
-21.0 -24.8
-20.2 -24.8
-19.5 -24.8
-18.8 -24.8
-18.0 -24.8
-17.2 -24.8
-16.5 -24.8
-15.8 -24.8
-15.0 -24.8
-14.2 -24.8
-13.5 -24.8
-12.8 -24.8
-12.0 -24.8
-11.2 -24.8
-10.5 -24.8
-9.8 -24.8
-9.0 -24.8
-8.2 -24.8
-7.5 -24.8
-6.8 -24.8
-6.0 -24.8
-5.2 -24.8
-4.5 -24.8
-3.8 -24.8
-3.0 -24.8
-2.2 -24.8
-1.5 -24.8
-0.8 -24.8
0.0 -24.8
0.8 -24.8
1.5 -24.8
2.2 -24.8
3.0 -24.8
3.8 -24.8
4.5 -24.8
5.2 -24.8
6.0 -24.8
6.8 -24.8
7.5 -24.8
8.2 -24.8
9.0 -24.8
9.8 -24.8
10.5 -24.8
11.2 -24.8
12.0 -24.8
12.8 -24.8
13.5 -24.8
14.2 -24.8
15.0 -24.8
15.8 -24.8
16.5 -24.8
17.2 -24.8
18.0 -24.8
18.8 -24.8
19.5 -24.8
20.2 -24.8
21.0 -24.8
21.8 -24.8
22.5 -24.8
23.2 -24.8
24.0 -24.8
24.8 -24.8
25.5 -24.8
26.2 -24.8
27.0 -24.8
27.8 -24.8
28.5 -24.8
29.2 -24.8
30.0 -24.8
30.8 -24.8
31.5 -24.8
32.2 -24.8
33.0 -24.8
-26.2 -25.5
-25.5 -25.5
-24.8 -25.5
-24.0 -25.5
-23.2 -25.5
-22.5 -25.5
-21.8 -25.5
-21.0 -25.5
-20.2 -25.5
-19.5 -25.5
-18.8 -25.5
-18.0 -25.5
-17.2 -25.5
-16.5 -25.5
-15.8 -25.5
-15.0 -25.5
-14.2 -25.5
-13.5 -25.5
-12.8 -25.5
-12.0 -25.5
-11.2 -25.5
-10.5 -25.5
-9.8 -25.5
-9.0 -25.5
-8.2 -25.5
-7.5 -25.5
-6.8 -25.5
-6.0 -25.5
-5.2 -25.5
-4.5 -25.5
-3.8 -25.5
-3.0 -25.5
-2.2 -25.5
-1.5 -25.5
-0.8 -25.5
0.0 -25.5
0.8 -25.5
1.5 -25.5
2.2 -25.5
3.0 -25.5
3.8 -25.5
4.5 -25.5
5.2 -25.5
6.0 -25.5
6.8 -25.5
7.5 -25.5
8.2 -25.5
9.0 -25.5
9.8 -25.5
10.5 -25.5
11.2 -25.5
12.0 -25.5
12.8 -25.5
13.5 -25.5
14.2 -25.5
15.0 -25.5
15.8 -25.5
16.5 -25.5
17.2 -25.5
18.0 -25.5
18.8 -25.5
19.5 -25.5
20.2 -25.5
21.0 -25.5
21.8 -25.5
22.5 -25.5
23.2 -25.5
24.0 -25.5
24.8 -25.5
25.5 -25.5
26.2 -25.5
27.0 -25.5
27.8 -25.5
28.5 -25.5
29.2 -25.5
30.0 -25.5
30.8 -25.5
31.5 -25.5
32.2 -25.5
33.0 -25.5
-26.2 -26.2
-25.5 -26.2
-24.8 -26.2
-24.0 -26.2
-23.2 -26.2
-22.5 -26.2
-21.8 -26.2
-21.0 -26.2
-20.2 -26.2
-19.5 -26.2
-18.8 -26.2
-18.0 -26.2
-17.2 -26.2
-16.5 -26.2
-15.8 -26.2
-15.0 -26.2
-14.2 -26.2
-13.5 -26.2
-12.8 -26.2
-12.0 -26.2
-11.2 -26.2
-10.5 -26.2
-9.8 -26.2
-9.0 -26.2
-8.2 -26.2
-7.5 -26.2
-6.8 -26.2
-6.0 -26.2
-5.2 -26.2
-4.5 -26.2
-3.8 -26.2
-3.0 -26.2
-2.2 -26.2
-1.5 -26.2
-0.8 -26.2
0.0 -26.2
0.8 -26.2
1.5 -26.2
2.2 -26.2
3.0 -26.2
3.8 -26.2
4.5 -26.2
5.2 -26.2
6.0 -26.2
6.8 -26.2
7.5 -26.2
8.2 -26.2
9.0 -26.2
9.8 -26.2
10.5 -26.2
11.2 -26.2
12.0 -26.2
12.8 -26.2
13.5 -26.2
14.2 -26.2
15.0 -26.2
15.8 -26.2
16.5 -26.2
17.2 -26.2
18.0 -26.2
18.8 -26.2
19.5 -26.2
20.2 -26.2
21.0 -26.2
21.8 -26.2
22.5 -26.2
23.2 -26.2
24.0 -26.2
24.8 -26.2
25.5 -26.2
26.2 -26.2
27.0 -26.2
27.8 -26.2
28.5 -26.2
29.2 -26.2
30.0 -26.2
30.8 -26.2
31.5 -26.2
32.2 -26.2
33.0 -26.2
-26.2 -27.0
-25.5 -27.0
-24.8 -27.0
-24.0 -27.0
-23.2 -27.0
-22.5 -27.0
-21.8 -27.0
-21.0 -27.0
-20.2 -27.0
-19.5 -27.0
-18.8 -27.0
-18.0 -27.0
-17.2 -27.0
-16.5 -27.0
-15.8 -27.0
-15.0 -27.0
-14.2 -27.0
-13.5 -27.0
-12.8 -27.0
-12.0 -27.0
-11.2 -27.0
-10.5 -27.0
-9.8 -27.0
-9.0 -27.0
-8.2 -27.0
-7.5 -27.0
-6.8 -27.0
-6.0 -27.0
-5.2 -27.0
-4.5 -27.0
-3.8 -27.0
-3.0 -27.0
-2.2 -27.0
-1.5 -27.0
-0.8 -27.0
0.0 -27.0
0.8 -27.0
1.5 -27.0
2.2 -27.0
3.0 -27.0
3.8 -27.0
4.5 -27.0
5.2 -27.0
6.0 -27.0
6.8 -27.0
7.5 -27.0
8.2 -27.0
9.0 -27.0
9.8 -27.0
10.5 -27.0
11.2 -27.0
12.0 -27.0
12.8 -27.0
13.5 -27.0
14.2 -27.0
15.0 -27.0
15.8 -27.0
16.5 -27.0
17.2 -27.0
18.0 -27.0
18.8 -27.0
19.5 -27.0
20.2 -27.0
21.0 -27.0
21.8 -27.0
22.5 -27.0
23.2 -27.0
24.0 -27.0
24.8 -27.0
25.5 -27.0
26.2 -27.0
27.0 -27.0
27.8 -27.0
28.5 -27.0
29.2 -27.0
30.0 -27.0
30.8 -27.0
31.5 -27.0
32.2 -27.0
33.0 -27.0
-26.2 -27.8
-25.5 -27.8
-24.8 -27.8
-24.0 -27.8
-23.2 -27.8
-22.5 -27.8
-21.8 -27.8
-21.0 -27.8
-20.2 -27.8
-19.5 -27.8
-18.8 -27.8
-18.0 -27.8
-17.2 -27.8
-16.5 -27.8
-15.8 -27.8
-15.0 -27.8
-14.2 -27.8
-13.5 -27.8
-12.8 -27.8
-12.0 -27.8
-11.2 -27.8
-10.5 -27.8
-9.8 -27.8
-9.0 -27.8
-8.2 -27.8
-7.5 -27.8
-6.8 -27.8
-6.0 -27.8
-5.2 -27.8
-4.5 -27.8
-3.8 -27.8
-3.0 -27.8
-2.2 -27.8
-1.5 -27.8
-0.8 -27.8
0.0 -27.8
0.8 -27.8
1.5 -27.8
2.2 -27.8
3.0 -27.8
3.8 -27.8
4.5 -27.8
5.2 -27.8
6.0 -27.8
6.8 -27.8
7.5 -27.8
8.2 -27.8
9.0 -27.8
9.8 -27.8
10.5 -27.8
11.2 -27.8
12.0 -27.8
12.8 -27.8
13.5 -27.8
14.2 -27.8
15.0 -27.8
15.8 -27.8
16.5 -27.8
17.2 -27.8
18.0 -27.8
18.8 -27.8
19.5 -27.8
20.2 -27.8
21.0 -27.8
21.8 -27.8
22.5 -27.8
23.2 -27.8
24.0 -27.8
24.8 -27.8
25.5 -27.8
26.2 -27.8
27.0 -27.8
27.8 -27.8
28.5 -27.8
29.2 -27.8
30.0 -27.8
30.8 -27.8
31.5 -27.8
32.2 -27.8
33.0 -27.8
-26.2 -28.5
-25.5 -28.5
-24.8 -28.5
-24.0 -28.5
-23.2 -28.5
-22.5 -28.5
-21.8 -28.5
-21.0 -28.5
-20.2 -28.5
-19.5 -28.5
-18.8 -28.5
-18.0 -28.5
-17.2 -28.5
-16.5 -28.5
-15.8 -28.5
-15.0 -28.5
-14.2 -28.5
-13.5 -28.5
-12.8 -28.5
-12.0 -28.5
-11.2 -28.5
-10.5 -28.5
-9.8 -28.5
-9.0 -28.5
-8.2 -28.5
-7.5 -28.5
-6.8 -28.5
-6.0 -28.5
-5.2 -28.5
-4.5 -28.5
-3.8 -28.5
-3.0 -28.5
-2.2 -28.5
-1.5 -28.5
-0.8 -28.5
0.0 -28.5
0.8 -28.5
1.5 -28.5
2.2 -28.5
3.0 -28.5
3.8 -28.5
4.5 -28.5
5.2 -28.5
6.0 -28.5
6.8 -28.5
7.5 -28.5
8.2 -28.5
9.0 -28.5
9.8 -28.5
10.5 -28.5
11.2 -28.5
12.0 -28.5
12.8 -28.5
13.5 -28.5
14.2 -28.5
15.0 -28.5
15.8 -28.5
16.5 -28.5
17.2 -28.5
18.0 -28.5
18.8 -28.5
19.5 -28.5
20.2 -28.5
21.0 -28.5
21.8 -28.5
22.5 -28.5
23.2 -28.5
24.0 -28.5
24.8 -28.5
25.5 -28.5
26.2 -28.5
27.0 -28.5
27.8 -28.5
28.5 -28.5
29.2 -28.5
30.0 -28.5
30.8 -28.5
31.5 -28.5
32.2 -28.5
33.0 -28.5
-26.2 -29.2
-25.5 -29.2
-24.8 -29.2
-24.0 -29.2
-23.2 -29.2
-22.5 -29.2
-21.8 -29.2
-21.0 -29.2
-20.2 -29.2
-19.5 -29.2
-18.8 -29.2
-18.0 -29.2
-17.2 -29.2
-16.5 -29.2
-15.8 -29.2
-15.0 -29.2
-14.2 -29.2
-13.5 -29.2
-12.8 -29.2
-12.0 -29.2
-11.2 -29.2
-10.5 -29.2
-9.8 -29.2
-9.0 -29.2
-8.2 -29.2
-7.5 -29.2
-6.8 -29.2
-6.0 -29.2
-5.2 -29.2
-4.5 -29.2
-3.8 -29.2
-3.0 -29.2
-2.2 -29.2
-1.5 -29.2
-0.8 -29.2
0.0 -29.2
0.8 -29.2
1.5 -29.2
2.2 -29.2
3.0 -29.2
3.8 -29.2
4.5 -29.2
5.2 -29.2
6.0 -29.2
6.8 -29.2
7.5 -29.2
8.2 -29.2
9.0 -29.2
9.8 -29.2
10.5 -29.2
11.2 -29.2
12.0 -29.2
12.8 -29.2
13.5 -29.2
14.2 -29.2
15.0 -29.2
15.8 -29.2
16.5 -29.2
17.2 -29.2
18.0 -29.2
18.8 -29.2
19.5 -29.2
20.2 -29.2
21.0 -29.2
21.8 -29.2
22.5 -29.2
23.2 -29.2
24.0 -29.2
24.8 -29.2
25.5 -29.2
26.2 -29.2
27.0 -29.2
27.8 -29.2
28.5 -29.2
29.2 -29.2
30.0 -29.2
30.8 -29.2
31.5 -29.2
32.2 -29.2
33.0 -29.2
-26.2 -30.0
-25.5 -30.0
-24.8 -30.0
-24.0 -30.0
-23.2 -30.0
-22.5 -30.0
-21.8 -30.0
-21.0 -30.0
-20.2 -30.0
-19.5 -30.0
-18.8 -30.0
-18.0 -30.0
-17.2 -30.0
-16.5 -30.0
-15.8 -30.0
-15.0 -30.0
-14.2 -30.0
-13.5 -30.0
-12.8 -30.0
-12.0 -30.0
-11.2 -30.0
-10.5 -30.0
-9.8 -30.0
-9.0 -30.0
-8.2 -30.0
-7.5 -30.0
-6.8 -30.0
-6.0 -30.0
-5.2 -30.0
-4.5 -30.0
-3.8 -30.0
-3.0 -30.0
-2.2 -30.0
-1.5 -30.0
-0.8 -30.0
0.0 -30.0
0.8 -30.0
1.5 -30.0
2.2 -30.0
3.0 -30.0
3.8 -30.0
4.5 -30.0
5.2 -30.0
6.0 -30.0
6.8 -30.0
7.5 -30.0
8.2 -30.0
9.0 -30.0
9.8 -30.0
10.5 -30.0
11.2 -30.0
12.0 -30.0
12.8 -30.0
13.5 -30.0
14.2 -30.0
15.0 -30.0
15.8 -30.0
16.5 -30.0
17.2 -30.0
18.0 -30.0
18.8 -30.0
19.5 -30.0
20.2 -30.0
21.0 -30.0
21.8 -30.0
22.5 -30.0
23.2 -30.0
24.0 -30.0
24.8 -30.0
25.5 -30.0
26.2 -30.0
27.0 -30.0
27.8 -30.0
28.5 -30.0
29.2 -30.0
30.0 -30.0
30.8 -30.0
31.5 -30.0
32.2 -30.0
33.0 -30.0
-26.2 -30.8
-25.5 -30.8
-24.8 -30.8
-24.0 -30.8
-23.2 -30.8
-22.5 -30.8
-21.8 -30.8
-21.0 -30.8
-20.2 -30.8
-19.5 -30.8
-18.8 -30.8
-18.0 -30.8
-17.2 -30.8
-16.5 -30.8
-15.8 -30.8
-15.0 -30.8
-14.2 -30.8
-13.5 -30.8
-12.8 -30.8
-12.0 -30.8
-11.2 -30.8
-10.5 -30.8
-9.8 -30.8
-9.0 -30.8
-8.2 -30.8
-7.5 -30.8
-6.8 -30.8
-6.0 -30.8
-5.2 -30.8
-4.5 -30.8
-3.8 -30.8
-3.0 -30.8
-2.2 -30.8
-1.5 -30.8
-0.8 -30.8
0.0 -30.8
0.8 -30.8
1.5 -30.8
2.2 -30.8
3.0 -30.8
3.8 -30.8
4.5 -30.8
5.2 -30.8
6.0 -30.8
6.8 -30.8
7.5 -30.8
8.2 -30.8
9.0 -30.8
9.8 -30.8
10.5 -30.8
11.2 -30.8
12.0 -30.8
12.8 -30.8
13.5 -30.8
14.2 -30.8
15.0 -30.8
15.8 -30.8
16.5 -30.8
17.2 -30.8
18.0 -30.8
18.8 -30.8
19.5 -30.8
20.2 -30.8
21.0 -30.8
21.8 -30.8
22.5 -30.8
23.2 -30.8
24.0 -30.8
24.8 -30.8
25.5 -30.8
26.2 -30.8
27.0 -30.8
27.8 -30.8
28.5 -30.8
29.2 -30.8
30.0 -30.8
30.8 -30.8
31.5 -30.8
32.2 -30.8
33.0 -30.8
-26.2 -31.5
-25.5 -31.5
-24.8 -31.5
-24.0 -31.5
-23.2 -31.5
-22.5 -31.5
-21.8 -31.5
-21.0 -31.5
-20.2 -31.5
-19.5 -31.5
-18.8 -31.5
-18.0 -31.5
-17.2 -31.5
-16.5 -31.5
-15.8 -31.5
-15.0 -31.5
-14.2 -31.5
-13.5 -31.5
-12.8 -31.5
-12.0 -31.5
-11.2 -31.5
-10.5 -31.5
-9.8 -31.5
-9.0 -31.5
-8.2 -31.5
-7.5 -31.5
-6.8 -31.5
-6.0 -31.5
-5.2 -31.5
-4.5 -31.5
-3.8 -31.5
-3.0 -31.5
-2.2 -31.5
-1.5 -31.5
-0.8 -31.5
0.0 -31.5
0.8 -31.5
1.5 -31.5
2.2 -31.5
3.0 -31.5
3.8 -31.5
4.5 -31.5
5.2 -31.5
6.0 -31.5
6.8 -31.5
7.5 -31.5
8.2 -31.5
9.0 -31.5
9.8 -31.5
10.5 -31.5
11.2 -31.5
12.0 -31.5
12.8 -31.5
13.5 -31.5
14.2 -31.5
15.0 -31.5
15.8 -31.5
16.5 -31.5
17.2 -31.5
18.0 -31.5
18.8 -31.5
19.5 -31.5
20.2 -31.5
21.0 -31.5
21.8 -31.5
22.5 -31.5
23.2 -31.5
24.0 -31.5
24.8 -31.5
25.5 -31.5
26.2 -31.5
27.0 -31.5
27.8 -31.5
28.5 -31.5
29.2 -31.5
30.0 -31.5
30.8 -31.5
31.5 -31.5
32.2 -31.5
33.0 -31.5
-26.2 -32.2
-25.5 -32.2
-24.8 -32.2
-24.0 -32.2
-23.2 -32.2
-22.5 -32.2
-21.8 -32.2
-21.0 -32.2
-20.2 -32.2
-19.5 -32.2
-18.8 -32.2
-18.0 -32.2
-17.2 -32.2
-16.5 -32.2
-15.8 -32.2
-15.0 -32.2
-14.2 -32.2
-13.5 -32.2
-12.8 -32.2
-12.0 -32.2
-11.2 -32.2
-10.5 -32.2
-9.8 -32.2
-9.0 -32.2
-8.2 -32.2
-7.5 -32.2
-6.8 -32.2
-6.0 -32.2
-5.2 -32.2
-4.5 -32.2
-3.8 -32.2
-3.0 -32.2
-2.2 -32.2
-1.5 -32.2
-0.8 -32.2
0.0 -32.2
0.8 -32.2
1.5 -32.2
2.2 -32.2
3.0 -32.2
3.8 -32.2
4.5 -32.2
5.2 -32.2
6.0 -32.2
6.8 -32.2
7.5 -32.2
8.2 -32.2
9.0 -32.2
9.8 -32.2
10.5 -32.2
11.2 -32.2
12.0 -32.2
12.8 -32.2
13.5 -32.2
14.2 -32.2
15.0 -32.2
15.8 -32.2
16.5 -32.2
17.2 -32.2
18.0 -32.2
18.8 -32.2
19.5 -32.2
20.2 -32.2
21.0 -32.2
21.8 -32.2
22.5 -32.2
23.2 -32.2
24.0 -32.2
24.8 -32.2
25.5 -32.2
26.2 -32.2
27.0 -32.2
27.8 -32.2
28.5 -32.2
29.2 -32.2
30.0 -32.2
30.8 -32.2
31.5 -32.2
32.2 -32.2
33.0 -32.2
-26.2 -33.0
-25.5 -33.0
-24.8 -33.0
-24.0 -33.0
-23.2 -33.0
-22.5 -33.0
-21.8 -33.0
-21.0 -33.0
-20.2 -33.0
-19.5 -33.0
-18.8 -33.0
-18.0 -33.0
-17.2 -33.0
-16.5 -33.0
-15.8 -33.0
-15.0 -33.0
-14.2 -33.0
-13.5 -33.0
-12.8 -33.0
-12.0 -33.0
-11.2 -33.0
-10.5 -33.0
-9.8 -33.0
-9.0 -33.0
-8.2 -33.0
-7.5 -33.0
-6.8 -33.0
-6.0 -33.0
-5.2 -33.0
-4.5 -33.0
-3.8 -33.0
-3.0 -33.0
-2.2 -33.0
-1.5 -33.0
-0.8 -33.0
0.0 -33.0
0.8 -33.0
1.5 -33.0
2.2 -33.0
3.0 -33.0
3.8 -33.0
4.5 -33.0
5.2 -33.0
6.0 -33.0
6.8 -33.0
7.5 -33.0
8.2 -33.0
9.0 -33.0
9.8 -33.0
10.5 -33.0
11.2 -33.0
12.0 -33.0
12.8 -33.0
13.5 -33.0
14.2 -33.0
15.0 -33.0
15.8 -33.0
16.5 -33.0
17.2 -33.0
18.0 -33.0
18.8 -33.0
19.5 -33.0
20.2 -33.0
21.0 -33.0
21.8 -33.0
22.5 -33.0
23.2 -33.0
24.0 -33.0
24.8 -33.0
25.5 -33.0
26.2 -33.0
27.0 -33.0
27.8 -33.0
28.5 -33.0
29.2 -33.0
30.0 -33.0
30.8 -33.0
31.5 -33.0
32.2 -33.0
33.0 -33.0
