0.0 23.0 18.0 23.0
-3.0 17.0 0.0 17.0
0.0 13.0 4.0 13.0
8.0 13.0 10.0 13.0
14.0 13.0 18.0 13.0
-25.0 11.0 -3.0 11.0
0.0 11.0 4.0 11.0
8.0 11.0 10.0 11.0
14.0 11.0 16.0 11.0
-21.0 7.0 -11.0 7.0
16.0 7.0 18.0 7.0
2.0 5.0 4.0 5.0
2.0 3.0 4.0 3.0
2.0 1.0 4.0 1.0
2.0 0.0 4.0 0.0
-11.0 -2.0 4.0 -2.0
10.0 -2.0 14.0 -2.0
-21.0 -8.0 4.0 -8.0
-21.0 -12.0 4.0 -12.0
8.0 -12.0 10.0 -12.0
-33.0 -18.0 -25.0 -18.0
-21.0 -18.0 -15.0 -18.0
14.0 -18.0 18.0 -18.0
-15.0 -20.0 4.0 -20.0
-15.0 -24.0 8.0 -24.0
-33.0 -32.0 -15.0 -32.0
-33.0 -18.0 -33.0 -32.0
-25.0 11.0 -25.0 -18.0
-21.0 7.0 -21.0 -18.0
-15.0 -18.0 -15.0 -20.0
-15.0 -24.0 -15.0 -32.0
-11.0 7.0 -11.0 -2.0
-3.0 17.0 -3.0 11.0
0.0 23.0 0.0 17.0
0.0 13.0 0.0 11.0
2.0 13.0 2.0 11.0
2.0 5.0 2.0 -2.0
4.0 13.0 4.0 11.0
4.0 5.0 4.0 -8.0
4.0 -12.0 4.0 -20.0
8.0 13.0 8.0 11.0
8.0 -12.0 8.0 -24.0
10.0 13.0 10.0 11.0
10.0 5.0 10.0 -12.0
14.0 13.0 14.0 11.0
14.0 5.0 14.0 -18.0
16.0 13.0 16.0 7.0
18.0 23.0 18.0 13.0
18.0 7.0 18.0 -18.0