1 1 7
2 6 8
4 5 7
5 7
6 5 8
7 1 5
8 4 6
10 6
11 6
12 4 7
13 7
14 4 8
15 1 4
16 3 5
20 5
22 5
23 5
24 3 6
26 6
27 6
29 7
30 3 8
32 2 4
40 4
44 4
46 4
47 4
48 2 5
52 5
54 5
55 5
56 2 6
58 6
59 6
60 2 7
61 7
62 2 8
64 1 3
65 1
67 1
71 1
79 1
80 3
88 3
92 3
94 3
97 1
99 1
103 1
104 4
108 4
110 4
112 1 5
113 1
115 1
116 5
118 5
120 1 6
121 1
122 6
128 2 8
129 2 7
130 8
131 2 6
133 7
134 8
135 2 5
139 6
141 7
142 8
143 2 4
151 5
155 6
157 7
158 8
160 2
161 2
167 2
176 2
177 2
179 2
184 2
185 2
188 2
192 3 8
193 3 7
194 8
195 3 6
197 7
198 8
199 3 5
203 6
205 7
206 8
208 3
209 3
211 3
216 3
217 3
220 3
224 4 8
225 4 7
229 7
230 8
232 4
233 4
236 4
240 5 8
241 5 7
242 8
244 5
248 6 8
