-3.0 27.0 2.0 27.0
-25.0 25.0 -3.0 25.0
-5.0 23.0 -3.0 23.0
2.0 13.0 26.0 13.0
-25.0 11.0 -17.0 11.0
2.0 9.0 6.0 9.0
10.0 9.0 14.0 9.0
18.0 9.0 26.0 9.0
-9.0 3.0 -7.0 3.0
-3.0 3.0 -1.0 3.0
-9.0 1.0 -7.0 1.0
-3.0 1.0 -1.0 1.0
-9.0 0.0 -7.0 0.0
-3.0 0.0 -1.0 0.0
10.0 0.0 14.0 0.0
-9.0 -2.0 -7.0 -2.0
-3.0 -2.0 -1.0 -2.0
2.0 -2.0 6.0 -2.0
-13.0 -6.0 -7.0 -6.0
-3.0 -6.0 -1.0 -6.0
2.0 -6.0 6.0 -6.0
-3.0 -8.0 -1.0 -8.0
-3.0 -10.0 -1.0 -10.0
-17.0 -12.0 -13.0 -12.0
-3.0 -12.0 -1.0 -12.0
-3.0 -14.0 -1.0 -14.0
-3.0 -16.0 -1.0 -16.0
-3.0 -18.0 -1.0 -18.0
2.0 -18.0 6.0 -18.0
18.0 -18.0 22.0 -18.0
-7.0 -24.0 22.0 -24.0
-25.0 25.0 -25.0 11.0
-17.0 11.0 -17.0 -12.0
-13.0 11.0 -13.0 -12.0
-9.0 11.0 -9.0 -2.0
-7.0 3.0 -7.0 -2.0
-7.0 -6.0 -7.0 -24.0
-5.0 25.0 -5.0 23.0
-3.0 27.0 -3.0 23.0
-3.0 3.0 -3.0 -2.0
-3.0 -6.0 -3.0 -18.0
-1.0 9.0 -1.0 -2.0
-1.0 -6.0 -1.0 -18.0
2.0 27.0 2.0 13.0
2.0 9.0 2.0 -2.0
2.0 -6.0 2.0 -18.0
6.0 9.0 6.0 -2.0
6.0 -6.0 6.0 -18.0
10.0 9.0 10.0 0.0
14.0 9.0 14.0 0.0
18.0 9.0 18.0 -18.0
22.0 -18.0 22.0 -24.0
26.0 13.0 26.0 9.0