123.0 0.0 171.0 0.0
57.0 6.0 123.0 6.0
63.0 12.0 123.0 12.0
75.0 18.0 123.0 18.0
123.0 48.0 126.0 48.0
132.0 48.0 141.0 48.0
147.0 48.0 171.0 48.0
123.0 51.0 126.0 51.0
123.0 54.0 126.0 54.0
123.0 57.0 126.0 57.0
123.0 60.0 126.0 60.0
18.0 63.0 57.0 63.0
63.0 63.0 66.0 63.0
123.0 63.0 126.0 63.0
6.0 66.0 18.0 66.0
66.0 66.0 96.0 66.0
102.0 66.0 126.0 66.0
132.0 66.0 141.0 66.0
147.0 66.0 180.0 66.0
6.0 72.0 18.0 72.0
66.0 72.0 96.0 72.0
102.0 72.0 132.0 72.0
66.0 75.0 96.0 75.0
102.0 75.0 132.0 75.0
66.0 84.0 96.0 84.0
102.0 84.0 132.0 84.0
18.0 111.0 54.0 111.0
63.0 111.0 66.0 111.0
132.0 114.0 135.0 114.0
147.0 114.0 180.0 114.0
15.0 117.0 54.0 117.0
123.0 120.0 135.0 120.0
147.0 120.0 171.0 120.0
78.0 123.0 96.0 123.0
102.0 123.0 123.0 123.0
63.0 126.0 78.0 126.0
63.0 132.0 78.0 132.0
15.0 165.0 63.0 165.0
126.0 168.0 141.0 168.0
147.0 168.0 171.0 168.0
78.0 171.0 117.0 171.0
117.0 174.0 147.0 174.0
6.0 66.0 6.0 72.0
15.0 117.0 15.0 165.0
18.0 63.0 18.0 66.0
18.0 72.0 18.0 111.0
54.0 111.0 54.0 117.0
57.0 6.0 57.0 63.0
63.0 12.0 63.0 63.0
63.0 111.0 63.0 126.0
63.0 132.0 63.0 165.0
66.0 63.0 66.0 66.0
66.0 72.0 66.0 75.0
66.0 84.0 66.0 111.0
69.0 72.0 69.0 75.0
72.0 72.0 72.0 75.0
75.0 18.0 75.0 66.0
75.0 72.0 75.0 75.0
78.0 72.0 78.0 75.0
78.0 123.0 78.0 126.0
78.0 132.0 78.0 171.0
81.0 72.0 81.0 75.0
84.0 72.0 84.0 75.0
87.0 72.0 87.0 75.0
90.0 72.0 90.0 75.0
93.0 72.0 93.0 75.0
96.0 72.0 96.0 75.0
96.0 84.0 96.0 123.0
102.0 72.0 102.0 75.0
102.0 84.0 102.0 123.0
105.0 72.0 105.0 75.0
108.0 72.0 108.0 75.0
111.0 72.0 111.0 75.0
114.0 72.0 114.0 75.0
117.0 72.0 117.0 75.0
117.0 171.0 117.0 174.0
120.0 72.0 120.0 75.0
123.0 0.0 123.0 6.0
123.0 12.0 123.0 21.0
123.0 30.0 123.0 66.0
123.0 72.0 123.0 75.0
123.0 120.0 123.0 123.0
126.0 48.0 126.0 66.0
126.0 72.0 126.0 75.0
129.0 72.0 129.0 75.0
132.0 48.0 132.0 75.0
132.0 84.0 132.0 114.0
135.0 114.0 135.0 120.0
141.0 48.0 141.0 66.0
141.0 114.0 141.0 120.0
147.0 48.0 147.0 66.0
147.0 114.0 147.0 120.0
147.0 168.0 147.0 174.0
171.0 0.0 171.0 48.0
171.0 120.0 171.0 168.0
180.0 66.0 180.0 114.0