1 0 6
2 5 7
4 4 6
5 6
6 4 7
7 0 4
8 3 5
10 5
11 5
12 3 6
13 6
14 3 7
15 0 3
16 2 4
20 4
22 4
23 4
24 2 5
26 5
27 5
29 6
30 2 7
32 1 3
40 3
44 3
46 3
47 3
48 1 4
52 4
54 4
55 4
56 1 5
58 5
59 5
60 1 6
61 6
62 1 7
64 0 2
65 0
67 0
71 0
79 0
80 2
88 2
92 2
94 2
97 0
99 0
103 0
104 3
108 3
110 3
112 0 4
113 0
115 0
116 4
118 4
120 0 5
121 0
122 5
128 1 7
129 1 6
130 7
131 1 5
133 6
134 7
135 1 4
139 5
141 6
142 7
143 1 3
151 4
155 5
157 6
158 7
160 1
161 1
167 1
176 1
177 1
179 1
184 1
185 1
188 1
192 2 7
193 2 6
194 7
195 2 5
197 6
198 7
199 2 4
203 5
205 6
206 7
208 2
209 2
211 2
216 2
217 2
220 2
224 3 7
225 3 6
229 6
230 7
232 3
233 3
236 3
240 4 7
241 4 6
242 7
244 4
248 5 7
