1 0 6
2 5 7
3 0 5
4 4 6
5 6
6 4 7
7 0 4
8 3 5
9 6
10 3 5 7
11 0 3 5
12 3 6
13 6
14 3 7
15 0 3
16 2 4
18 4
19 4
20 4
22 4
23 4
24 2 5
25 6
26 2 5 7
27 0 2 5
28 2 6
29 6
30 2 7
31 0 2
32 1 3
33 0
35 0
36 4
38 4
39 0 4
40 1 3 5
41 0 6
42 1 3 5 7
43 0 1 3 5
44 1 3 6
45 0 6
46 1 3 7
47 0 1 3
48 1 4
49 0
50 4
51 0 4
52 4
54 4
55 0 4
56 1 5
57 0 6
58 1 5 7
59 0 1 5
60 1 6
61 0 6
62 1 7
63 0 1
64 0 2
65 0
66 0
67 0
70 0
71 0
72 2
74 0 2
75 0 2
76 2
78 0 2
79 0 2
80 2
88 2
90 0 2
91 0 2
92 2
94 0 2
95 0 2
96 0 3
97 0
98 0
99 0
100 4
102 0 4
103 0 4
104 0 3 5
105 0 6
106 0 3 5 7
107 0 3 5
108 0 3 6
109 0 6
110 0 3 7
111 0 3
112 0 4
113 0
114 0 4
115 0 4
116 4
118 0 4
119 0 4
120 0 5
121 0 6
122 0 5 7
123 0 5
124 0 6
125 0 6
126 0 7
127 0
128 1 7
129 1 6
130 1 5 7
131 1 5
132 6
133 6
134 1 4 7
135 1 4
137 6
138 1 3 5 7
139 1 3 5
140 6
141 6
142 1 3 7
143 1 3
144 2
145 2
146 2 4
147 2 4
150 2 4
151 2 4
152 2
153 2 6
154 1 2 5 7
155 1 2 5
156 2 6
157 2 6
158 1 2 7
159 1 2
160 1 3 7
161 1 3 6
162 1 3 5 7
163 1 3 5
164 4 6
165 4 6
166 1 3 4 7
167 1 3 4
168 1 3 5 7
169 1 3 5 6
170 1 3 5 7
171 1 3 5
172 1 3 6 7
173 1 3 6
174 1 3 7
175 1 3
176 1 4 7
177 1 4 6
178 1 4 5 7
179 1 4 5
180 4 6
181 4 6
182 1 4 7
183 1 4
184 1 5 7
185 1 5 6
186 1 5 7
187 1 5
188 1 6 7
189 1 6
190 1 7
191 1
192 2 7
193 2 6
194 2 5 7
195 2 5
196 6
197 6
198 2 4 7
199 2 4
200 2
201 2 6
202 2 3 5 7
203 2 3 5
204 2 6
205 2 6
206 2 3 7
207 2 3
208 2
209 2
210 2 4
211 2 4
214 2 4
215 2 4
216 2
217 2 6
218 2 5 7
219 2 5
220 2 6
221 2 6
222 2 7
223 2
224 3 7
225 3 6
226 3 5 7
227 3 5
228 4 6
229 4 6
230 3 4 7
231 3 4
232 3 5 7
233 3 5 6
234 3 5 7
235 3 5
236 3 6 7
237 3 6
238 3 7
239 3
240 4 7
241 4 6
242 4 5 7
243 4 5
244 4 6
245 4 6
246 4 7
247 4
248 5 7
249 5 6
250 5 7
251 5
252 6 7
253 6
254 7
