1 0 6
2 5 7
4 4 6
5 6
6 4 7
7 0 4
8 3 5
9 6
10 3 5 7
11 0 3 5
12 3 6
13 6
14 3 7
15 0 3
16 2 4
18 4
19 4
20 4
22 4
23 4
24 2 5
25 6
26 2 5 7
27 0 2 5
29 6
30 2 7
32 1 3
33 0
35 0
36 4
38 4
39 0 4
40 1 3 5
41 0 6
42 1 3 5 7
43 0 1 3 5
44 1 3 6
45 0 6
46 1 3 7
48 1 4
49 0
50 4
51 0 4
52 4
54 4
56 1 5
57 0 6
58 1 5 7
60 1 6
64 0 2
65 0
66 0
67 0
70 0
71 0
72 2
74 0 2
75 0 2
76 2
78 0 2
80 2
88 2
90 0 2
92 2
97 0
98 0
99 0
100 4
102 0 4
104 0 3 5
105 0 6
106 0 3 5 7
108 0 3 6
112 0 4
113 0
114 0 4
116 4
120 0 5
128 1 7
129 1 6
130 1 5 7
131 1 5
132 6
133 6
134 1 4 7
135 1 4
137 6
138 1 3 5 7
139 1 3 5
140 6
141 6
142 1 3 7
144 2
145 2
146 2 4
147 2 4
150 2 4
152 2
153 2 6
154 1 2 5 7
156 2 6
160 1 3 7
161 1 3 6
163 1 3 5
164 4 6
165 4 6
166 1 3 4 7
168 1 3 5 7
169 1 3 5 6
170 1 3 5 7
172 1 3 6 7
176 1 4 7
177 1 4 6
178 1 4 5 7
180 4 6
184 1 5 7
192 2 7
193 2 6
194 2 5 7
195 2 5
196 6
197 6
198 2 4 7
200 2
201 2 6
202 2 3 5 7
204 2 6
208 2
209 2
210 2 4
216 2
224 3 7
225 3 6
226 3 5 7
228 4 6
232 3 5 7
240 4 7
