-11.6 12.0
-11.2 12.0
-10.8 12.0
-10.4 12.0
-10.0 12.0
-9.6 12.0
-9.2 12.0
-8.8 12.0
-8.4 12.0
-8.0 12.0
-7.6 12.0
-7.2 12.0
-6.8 12.0
-6.4 12.0
-6.0 12.0
-5.6 12.0
-5.2 12.0
-4.8 12.0
-4.4 12.0
-4.0 12.0
-3.6 12.0
-3.2 12.0
-2.8 12.0
-2.4 12.0
-2.0 12.0
-1.6 12.0
-1.2 12.0
-0.8 12.0
-0.4 12.0
0.0 12.0
0.4 12.0
0.8 12.0
1.2 12.0
1.6 12.0
2.0 12.0
2.4 12.0
2.8 12.0
3.2 12.0
3.6 12.0
4.0 12.0
4.4 12.0
4.8 12.0
5.2 12.0
5.6 12.0
6.0 12.0
6.4 12.0
6.8 12.0
7.2 12.0
7.6 12.0
8.0 12.0
8.4 12.0
8.8 12.0
9.2 12.0
9.6 12.0
10.0 12.0
10.4 12.0
10.8 12.0
11.2 12.0
11.6 12.0
-12.0 11.6
-11.6 11.6
-11.2 11.6
-10.8 11.6
-10.4 11.6
-10.0 11.6
-9.6 11.6
-9.2 11.6
-8.8 11.6
-8.4 11.6
-8.0 11.6
-7.6 11.6
-7.2 11.6
-6.8 11.6
-6.4 11.6
-6.0 11.6
-5.6 11.6
-5.2 11.6
-4.8 11.6
-4.4 11.6
-4.0 11.6
-3.6 11.6
-3.2 11.6
-2.8 11.6
-2.4 11.6
-2.0 11.6
-1.6 11.6
-1.2 11.6
-0.8 11.6
-0.4 11.6
0.0 11.6
0.4 11.6
0.8 11.6
1.2 11.6
1.6 11.6
2.0 11.6
2.4 11.6
2.8 11.6
3.2 11.6
3.6 11.6
4.0 11.6
4.4 11.6
4.8 11.6
5.2 11.6
5.6 11.6
6.0 11.6
6.4 11.6
6.8 11.6
7.2 11.6
7.6 11.6
8.0 11.6
8.4 11.6
8.8 11.6
9.2 11.6
9.6 11.6
10.0 11.6
10.4 11.6
10.8 11.6
11.2 11.6
11.6 11.6
-12.0 11.2
-11.6 11.2
-11.2 11.2
-10.8 11.2
-10.4 11.2
-10.0 11.2
-9.6 11.2
-9.2 11.2
-8.8 11.2
-8.4 11.2
-8.0 11.2
-7.6 11.2
-7.2 11.2
-6.8 11.2
-6.4 11.2
-6.0 11.2
-5.6 11.2
-5.2 11.2
-4.8 11.2
-4.4 11.2
-4.0 11.2
-3.6 11.2
-3.2 11.2
-2.8 11.2
-2.4 11.2
-2.0 11.2
-1.6 11.2
-1.2 11.2
-0.8 11.2
-0.4 11.2
0.0 11.2
0.4 11.2
0.8 11.2
1.2 11.2
1.6 11.2
2.0 11.2
2.4 11.2
2.8 11.2
3.2 11.2
3.6 11.2
4.0 11.2
4.4 11.2
4.8 11.2
5.2 11.2
5.6 11.2
6.0 11.2
6.4 11.2
6.8 11.2
7.2 11.2
7.6 11.2
8.0 11.2
8.4 11.2
8.8 11.2
9.2 11.2
9.6 11.2
10.0 11.2
10.4 11.2
10.8 11.2
11.2 11.2
11.6 11.2
-12.0 10.8
-11.6 10.8
-11.2 10.8
-10.8 10.8
-10.4 10.8
-10.0 10.8
-9.6 10.8
-9.2 10.8
-8.8 10.8
-8.4 10.8
-8.0 10.8
-7.6 10.8
-7.2 10.8
-6.8 10.8
-6.4 10.8
-6.0 10.8
-5.6 10.8
-5.2 10.8
-4.8 10.8
-4.4 10.8
-4.0 10.8
-3.6 10.8
-3.2 10.8
-2.8 10.8
-2.4 10.8
-2.0 10.8
-1.6 10.8
-1.2 10.8
-0.8 10.8
-0.4 10.8
0.0 10.8
0.4 10.8
0.8 10.8
1.2 10.8
1.6 10.8
2.0 10.8
2.4 10.8
2.8 10.8
3.2 10.8
3.6 10.8
4.0 10.8
4.4 10.8
4.8 10.8
5.2 10.8
5.6 10.8
6.0 10.8
6.4 10.8
6.8 10.8
7.2 10.8
7.6 10.8
8.0 10.8
8.4 10.8
8.8 10.8
9.2 10.8
9.6 10.8
10.0 10.8
10.4 10.8
10.8 10.8
11.2 10.8
11.6 10.8
-12.0 10.4
-11.6 10.4
-11.2 10.4
-10.8 10.4
-10.4 10.4
-10.0 10.4
-9.6 10.4
-9.2 10.4
-8.8 10.4
-8.4 10.4
-8.0 10.4
-7.6 10.4
-7.2 10.4
-6.8 10.4
-6.4 10.4
-6.0 10.4
-5.6 10.4
-5.2 10.4
-4.8 10.4
-4.4 10.4
-4.0 10.4
-3.6 10.4
-3.2 10.4
-2.8 10.4
-2.4 10.4
-2.0 10.4
-1.6 10.4
-1.2 10.4
-0.8 10.4
-0.4 10.4
0.0 10.4
0.4 10.4
0.8 10.4
1.2 10.4
1.6 10.4
2.0 10.4
2.4 10.4
2.8 10.4
3.2 10.4
3.6 10.4
4.0 10.4
4.4 10.4
4.8 10.4
5.2 10.4
5.6 10.4
6.0 10.4
6.4 10.4
6.8 10.4
7.2 10.4
7.6 10.4
8.0 10.4
8.4 10.4
8.8 10.4
9.2 10.4
9.6 10.4
10.0 10.4
10.4 10.4
10.8 10.4
11.2 10.4
11.6 10.4
-12.0 10.0
-11.6 10.0
-11.2 10.0
-10.8 10.0
-10.4 10.0
-10.0 10.0
-9.6 10.0
-9.2 10.0
-8.8 10.0
-8.4 10.0
-8.0 10.0
-7.6 10.0
-7.2 10.0
-6.8 10.0
-6.4 10.0
-6.0 10.0
-5.6 10.0
-5.2 10.0
-4.8 10.0
-4.4 10.0
-4.0 10.0
-3.6 10.0
-3.2 10.0
-2.8 10.0
-2.4 10.0
-2.0 10.0
-1.6 10.0
-1.2 10.0
-0.8 10.0
-0.4 10.0
0.0 10.0
0.4 10.0
0.8 10.0
1.2 10.0
1.6 10.0
2.0 10.0
2.4 10.0
2.8 10.0
3.2 10.0
3.6 10.0
4.0 10.0
4.4 10.0
4.8 10.0
5.2 10.0
5.6 10.0
6.0 10.0
6.4 10.0
6.8 10.0
7.2 10.0
7.6 10.0
8.0 10.0
8.4 10.0
8.8 10.0
9.2 10.0
9.6 10.0
10.0 10.0
10.4 10.0
10.8 10.0
11.2 10.0
11.6 10.0
-12.0 9.6
-11.6 9.6
-11.2 9.6
-10.8 9.6
-10.4 9.6
-10.0 9.6
-9.6 9.6
-9.2 9.6
-8.8 9.6
-8.4 9.6
-8.0 9.6
-7.6 9.6
-7.2 9.6
-6.8 9.6
-6.4 9.6
-6.0 9.6
-5.6 9.6
-5.2 9.6
-4.8 9.6
-4.4 9.6
-4.0 9.6
-3.6 9.6
-3.2 9.6
-2.8 9.6
-2.4 9.6
-2.0 9.6
-1.6 9.6
-1.2 9.6
-0.8 9.6
-0.4 9.6
0.0 9.6
0.4 9.6
0.8 9.6
1.2 9.6
1.6 9.6
2.0 9.6
2.4 9.6
2.8 9.6
3.2 9.6
3.6 9.6
4.0 9.6
4.4 9.6
4.8 9.6
5.2 9.6
5.6 9.6
6.0 9.6
6.4 9.6
6.8 9.6
7.2 9.6
7.6 9.6
8.0 9.6
8.4 9.6
8.8 9.6
9.2 9.6
9.6 9.6
10.0 9.6
10.4 9.6
10.8 9.6
11.2 9.6
11.6 9.6
-12.0 9.2
-11.6 9.2
-11.2 9.2
-10.8 9.2
-10.4 9.2
-10.0 9.2
-9.6 9.2
-9.2 9.2
-8.8 9.2
-8.4 9.2
-8.0 9.2
-7.6 9.2
-7.2 9.2
-6.8 9.2
-6.4 9.2
-6.0 9.2
-5.6 9.2
-5.2 9.2
-4.8 9.2
-4.4 9.2
-4.0 9.2
-3.6 9.2
-3.2 9.2
-2.8 9.2
-2.4 9.2
-2.0 9.2
-1.6 9.2
-1.2 9.2
-0.8 9.2
-0.4 9.2
0.0 9.2
0.4 9.2
0.8 9.2
1.2 9.2
1.6 9.2
2.0 9.2
2.4 9.2
2.8 9.2
3.2 9.2
3.6 9.2
4.0 9.2
4.4 9.2
4.8 9.2
5.2 9.2
5.6 9.2
6.0 9.2
6.4 9.2
6.8 9.2
7.2 9.2
7.6 9.2
8.0 9.2
8.4 9.2
8.8 9.2
9.2 9.2
9.6 9.2
10.0 9.2
10.4 9.2
10.8 9.2
11.2 9.2
11.6 9.2
-12.0 8.8
-11.6 8.8
-11.2 8.8
-10.8 8.8
-10.4 8.8
-10.0 8.8
-9.6 8.8
-9.2 8.8
-8.8 8.8
-8.4 8.8
-8.0 8.8
-7.6 8.8
-7.2 8.8
-6.8 8.8
-6.4 8.8
-6.0 8.8
-5.6 8.8
-5.2 8.8
-4.8 8.8
-4.4 8.8
-4.0 8.8
-3.6 8.8
-3.2 8.8
-2.8 8.8
-2.4 8.8
-2.0 8.8
-1.6 8.8
-1.2 8.8
-0.8 8.8
-0.4 8.8
0.0 8.8
0.4 8.8
0.8 8.8
1.2 8.8
1.6 8.8
2.0 8.8
2.4 8.8
2.8 8.8
3.2 8.8
3.6 8.8
4.0 8.8
4.4 8.8
4.8 8.8
5.2 8.8
5.6 8.8
6.0 8.8
6.4 8.8
6.8 8.8
7.2 8.8
7.6 8.8
8.0 8.8
8.4 8.8
8.8 8.8
9.2 8.8
9.6 8.8
10.0 8.8
10.4 8.8
10.8 8.8
11.2 8.8
11.6 8.8
-12.0 8.4
-11.6 8.4
-11.2 8.4
-10.8 8.4
-10.4 8.4
-10.0 8.4
-9.6 8.4
-9.2 8.4
-8.8 8.4
-8.4 8.4
-8.0 8.4
-7.6 8.4
-7.2 8.4
-6.8 8.4
-6.4 8.4
-6.0 8.4
-5.6 8.4
-5.2 8.4
-4.8 8.4
-4.4 8.4
-4.0 8.4
-3.6 8.4
-3.2 8.4
-2.8 8.4
-2.4 8.4
-2.0 8.4
-1.6 8.4
-1.2 8.4
-0.8 8.4
-0.4 8.4
0.0 8.4
0.4 8.4
0.8 8.4
1.2 8.4
1.6 8.4
2.0 8.4
2.4 8.4
2.8 8.4
3.2 8.4
3.6 8.4
4.0 8.4
4.4 8.4
4.8 8.4
5.2 8.4
5.6 8.4
6.0 8.4
6.4 8.4
6.8 8.4
7.2 8.4
7.6 8.4
8.0 8.4
8.4 8.4
8.8 8.4
9.2 8.4
9.6 8.4
10.0 8.4
10.4 8.4
10.8 8.4
11.2 8.4
11.6 8.4
-12.0 8.0
-11.6 8.0
-11.2 8.0
-10.8 8.0
-10.4 8.0
-10.0 8.0
-9.6 8.0
-9.2 8.0
-8.8 8.0
-8.4 8.0
-8.0 8.0
-7.6 8.0
-7.2 8.0
-6.8 8.0
-6.4 8.0
-6.0 8.0
-5.6 8.0
-5.2 8.0
-4.8 8.0
-4.4 8.0
-4.0 8.0
-3.6 8.0
-3.2 8.0
-2.8 8.0
-2.4 8.0
-2.0 8.0
-1.6 8.0
-1.2 8.0
-0.8 8.0
-0.4 8.0
0.0 8.0
0.4 8.0
0.8 8.0
1.2 8.0
1.6 8.0
2.0 8.0
2.4 8.0
2.8 8.0
3.2 8.0
3.6 8.0
4.0 8.0
4.4 8.0
4.8 8.0
5.2 8.0
5.6 8.0
6.0 8.0
6.4 8.0
6.8 8.0
7.2 8.0
7.6 8.0
8.0 8.0
8.4 8.0
8.8 8.0
9.2 8.0
9.6 8.0
10.0 8.0
10.4 8.0
10.8 8.0
11.2 8.0
11.6 8.0
-12.0 7.6
-11.6 7.6
-11.2 7.6
-10.8 7.6
-10.4 7.6
-10.0 7.6
-9.6 7.6
-9.2 7.6
-8.8 7.6
-8.4 7.6
-8.0 7.6
-7.6 7.6
-7.2 7.6
-6.8 7.6
-6.4 7.6
-6.0 7.6
-5.6 7.6
-5.2 7.6
-4.8 7.6
-4.4 7.6
-4.0 7.6
-3.6 7.6
-3.2 7.6
-2.8 7.6
-2.4 7.6
-2.0 7.6
-1.6 7.6
-1.2 7.6
-0.8 7.6
-0.4 7.6
0.0 7.6
0.4 7.6
0.8 7.6
1.2 7.6
1.6 7.6
2.0 7.6
2.4 7.6
2.8 7.6
3.2 7.6
3.6 7.6
4.0 7.6
4.4 7.6
4.8 7.6
5.2 7.6
5.6 7.6
6.0 7.6
6.4 7.6
6.8 7.6
7.2 7.6
7.6 7.6
8.0 7.6
8.4 7.6
8.8 7.6
9.2 7.6
9.6 7.6
10.0 7.6
10.4 7.6
10.8 7.6
11.2 7.6
11.6 7.6
-12.0 7.2
-11.6 7.2
-11.2 7.2
-10.8 7.2
-10.4 7.2
-10.0 7.2
-9.6 7.2
-9.2 7.2
-8.8 7.2
-8.4 7.2
-8.0 7.2
-7.6 7.2
-7.2 7.2
-6.8 7.2
-6.4 7.2
-6.0 7.2
-5.6 7.2
-5.2 7.2
-4.8 7.2
-4.4 7.2
-4.0 7.2
-3.6 7.2
-3.2 7.2
-2.8 7.2
-2.4 7.2
-2.0 7.2
-1.6 7.2
-1.2 7.2
-0.8 7.2
-0.4 7.2
0.0 7.2
0.4 7.2
0.8 7.2
1.2 7.2
1.6 7.2
2.0 7.2
2.4 7.2
2.8 7.2
3.2 7.2
3.6 7.2
4.0 7.2
4.4 7.2
4.8 7.2
5.2 7.2
5.6 7.2
6.0 7.2
6.4 7.2
6.8 7.2
7.2 7.2
7.6 7.2
8.0 7.2
8.4 7.2
8.8 7.2
9.2 7.2
9.6 7.2
10.0 7.2
10.4 7.2
10.8 7.2
11.2 7.2
11.6 7.2
-12.0 6.8
-11.6 6.8
-11.2 6.8
-10.8 6.8
-10.4 6.8
-10.0 6.8
-9.6 6.8
-9.2 6.8
-8.8 6.8
-8.4 6.8
-8.0 6.8
-7.6 6.8
-7.2 6.8
-6.8 6.8
-6.4 6.8
-6.0 6.8
-5.6 6.8
-5.2 6.8
-4.8 6.8
-4.4 6.8
-4.0 6.8
-3.6 6.8
-3.2 6.8
-2.8 6.8
-2.4 6.8
-2.0 6.8
-1.6 6.8
-1.2 6.8
-0.8 6.8
-0.4 6.8
0.0 6.8
0.4 6.8
0.8 6.8
1.2 6.8
1.6 6.8
2.0 6.8
2.4 6.8
2.8 6.8
3.2 6.8
3.6 6.8
4.0 6.8
4.4 6.8
4.8 6.8
5.2 6.8
5.6 6.8
6.0 6.8
6.4 6.8
6.8 6.8
7.2 6.8
7.6 6.8
8.0 6.8
8.4 6.8
8.8 6.8
9.2 6.8
9.6 6.8
10.0 6.8
10.4 6.8
10.8 6.8
11.2 6.8
11.6 6.8
-12.0 6.4
-11.6 6.4
-11.2 6.4
-10.8 6.4
-10.4 6.4
-10.0 6.4
-9.6 6.4
-9.2 6.4
-8.8 6.4
-8.4 6.4
-8.0 6.4
-7.6 6.4
-7.2 6.4
-6.8 6.4
-6.4 6.4
-6.0 6.4
-5.6 6.4
-5.2 6.4
-4.8 6.4
-4.4 6.4
-4.0 6.4
-3.6 6.4
-3.2 6.4
-2.8 6.4
-2.4 6.4
-2.0 6.4
-1.6 6.4
-1.2 6.4
-0.8 6.4
-0.4 6.4
0.0 6.4
0.4 6.4
0.8 6.4
1.2 6.4
1.6 6.4
2.0 6.4
2.4 6.4
2.8 6.4
3.2 6.4
3.6 6.4
4.0 6.4
4.4 6.4
4.8 6.4
5.2 6.4
5.6 6.4
6.0 6.4
6.4 6.4
6.8 6.4
7.2 6.4
7.6 6.4
8.0 6.4
8.4 6.4
8.8 6.4
9.2 6.4
9.6 6.4
10.0 6.4
10.4 6.4
10.8 6.4
11.2 6.4
11.6 6.4
-12.0 6.0
-11.6 6.0
-11.2 6.0
-10.8 6.0
-10.4 6.0
-10.0 6.0
-9.6 6.0
-9.2 6.0
-8.8 6.0
-8.4 6.0
-8.0 6.0
-7.6 6.0
-7.2 6.0
-6.8 6.0
-6.4 6.0
-6.0 6.0
-5.6 6.0
-5.2 6.0
-4.8 6.0
-4.4 6.0
-4.0 6.0
-3.6 6.0
-3.2 6.0
-2.8 6.0
-2.4 6.0
-2.0 6.0
-1.6 6.0
-1.2 6.0
-0.8 6.0
-0.4 6.0
0.0 6.0
0.4 6.0
0.8 6.0
1.2 6.0
1.6 6.0
2.0 6.0
2.4 6.0
2.8 6.0
3.2 6.0
3.6 6.0
4.0 6.0
4.4 6.0
4.8 6.0
5.2 6.0
5.6 6.0
6.0 6.0
6.4 6.0
6.8 6.0
7.2 6.0
7.6 6.0
8.0 6.0
8.4 6.0
8.8 6.0
9.2 6.0
9.6 6.0
10.0 6.0
10.4 6.0
10.8 6.0
11.2 6.0
11.6 6.0
-12.0 5.6
-11.6 5.6
-11.2 5.6
-10.8 5.6
-10.4 5.6
-10.0 5.6
-9.6 5.6
-9.2 5.6
-8.8 5.6
-8.4 5.6
-8.0 5.6
-7.6 5.6
-7.2 5.6
-6.8 5.6
-6.4 5.6
-6.0 5.6
-5.6 5.6
-5.2 5.6
-4.8 5.6
-4.4 5.6
-4.0 5.6
-3.6 5.6
-3.2 5.6
-2.8 5.6
-2.4 5.6
-2.0 5.6
-1.6 5.6
-1.2 5.6
-0.8 5.6
-0.4 5.6
0.0 5.6
0.4 5.6
0.8 5.6
1.2 5.6
1.6 5.6
2.0 5.6
2.4 5.6
2.8 5.6
3.2 5.6
3.6 5.6
4.0 5.6
4.4 5.6
4.8 5.6
5.2 5.6
5.6 5.6
6.0 5.6
6.4 5.6
6.8 5.6
7.2 5.6
7.6 5.6
8.0 5.6
8.4 5.6
8.8 5.6
9.2 5.6
9.6 5.6
10.0 5.6
10.4 5.6
10.8 5.6
11.2 5.6
11.6 5.6
-12.0 5.2
-11.6 5.2
-11.2 5.2
-10.8 5.2
-10.4 5.2
-10.0 5.2
-9.6 5.2
-9.2 5.2
-8.8 5.2
-8.4 5.2
-8.0 5.2
-7.6 5.2
-7.2 5.2
-6.8 5.2
-6.4 5.2
-6.0 5.2
-5.6 5.2
-5.2 5.2
-4.8 5.2
-4.4 5.2
-4.0 5.2
-3.6 5.2
-3.2 5.2
-2.8 5.2
-2.4 5.2
-2.0 5.2
-1.6 5.2
-1.2 5.2
-0.8 5.2
-0.4 5.2
0.0 5.2
0.4 5.2
0.8 5.2
1.2 5.2
1.6 5.2
2.0 5.2
2.4 5.2
2.8 5.2
3.2 5.2
3.6 5.2
4.0 5.2
4.4 5.2
4.8 5.2
5.2 5.2
5.6 5.2
6.0 5.2
6.4 5.2
6.8 5.2
7.2 5.2
7.6 5.2
8.0 5.2
8.4 5.2
8.8 5.2
9.2 5.2
9.6 5.2
10.0 5.2
10.4 5.2
10.8 5.2
11.2 5.2
11.6 5.2
-12.0 4.8
-11.6 4.8
-11.2 4.8
-10.8 4.8
-10.4 4.8
-10.0 4.8
-9.6 4.8
-9.2 4.8
-8.8 4.8
-8.4 4.8
-8.0 4.8
-7.6 4.8
-7.2 4.8
-6.8 4.8
-6.4 4.8
-6.0 4.8
-5.6 4.8
-5.2 4.8
-4.8 4.8
-4.4 4.8
-4.0 4.8
-3.6 4.8
-3.2 4.8
-2.8 4.8
-2.4 4.8
-2.0 4.8
-1.6 4.8
-1.2 4.8
-0.8 4.8
-0.4 4.8
0.0 4.8
0.4 4.8
0.8 4.8
1.2 4.8
1.6 4.8
2.0 4.8
2.4 4.8
2.8 4.8
3.2 4.8
3.6 4.8
4.0 4.8
4.4 4.8
4.8 4.8
5.2 4.8
5.6 4.8
6.0 4.8
6.4 4.8
6.8 4.8
7.2 4.8
7.6 4.8
8.0 4.8
8.4 4.8
8.8 4.8
9.2 4.8
9.6 4.8
10.0 4.8
10.4 4.8
10.8 4.8
11.2 4.8
11.6 4.8
-12.0 4.4
-11.6 4.4
-11.2 4.4
-10.8 4.4
-10.4 4.4
-10.0 4.4
-9.6 4.4
-9.2 4.4
-8.8 4.4
-8.4 4.4
-8.0 4.4
-7.6 4.4
-7.2 4.4
-6.8 4.4
-6.4 4.4
-6.0 4.4
-5.6 4.4
-5.2 4.4
-4.8 4.4
-4.4 4.4
-4.0 4.4
-3.6 4.4
-3.2 4.4
-2.8 4.4
-2.4 4.4
-2.0 4.4
-1.6 4.4
-1.2 4.4
-0.8 4.4
-0.4 4.4
0.0 4.4
0.4 4.4
0.8 4.4
1.2 4.4
1.6 4.4
2.0 4.4
2.4 4.4
2.8 4.4
3.2 4.4
3.6 4.4
4.0 4.4
4.4 4.4
4.8 4.4
5.2 4.4
5.6 4.4
6.0 4.4
6.4 4.4
6.8 4.4
7.2 4.4
7.6 4.4
8.0 4.4
8.4 4.4
8.8 4.4
9.2 4.4
9.6 4.4
10.0 4.4
10.4 4.4
10.8 4.4
11.2 4.4
11.6 4.4
-12.0 4.0
-11.6 4.0
-11.2 4.0
-10.8 4.0
-10.4 4.0
-10.0 4.0
-9.6 4.0
-9.2 4.0
-8.8 4.0
-8.4 4.0
-8.0 4.0
-7.6 4.0
-7.2 4.0
-6.8 4.0
-6.4 4.0
-6.0 4.0
-5.6 4.0
-5.2 4.0
-4.8 4.0
-4.4 4.0
-4.0 4.0
-3.6 4.0
-3.2 4.0
-2.8 4.0
-2.4 4.0
-2.0 4.0
-1.6 4.0
-1.2 4.0
-0.8 4.0
-0.4 4.0
0.0 4.0
0.4 4.0
0.8 4.0
1.2 4.0
1.6 4.0
2.0 4.0
2.4 4.0
2.8 4.0
3.2 4.0
3.6 4.0
4.0 4.0
4.4 4.0
4.8 4.0
5.2 4.0
5.6 4.0
6.0 4.0
6.4 4.0
6.8 4.0
7.2 4.0
7.6 4.0
8.0 4.0
8.4 4.0
8.8 4.0
9.2 4.0
9.6 4.0
10.0 4.0
10.4 4.0
10.8 4.0
11.2 4.0
11.6 4.0
-12.0 3.6
-11.6 3.6
-11.2 3.6
-10.8 3.6
-10.4 3.6
-10.0 3.6
-9.6 3.6
-9.2 3.6
-8.8 3.6
-8.4 3.6
-8.0 3.6
-7.6 3.6
-7.2 3.6
-6.8 3.6
-6.4 3.6
-6.0 3.6
-5.6 3.6
-5.2 3.6
-4.8 3.6
-4.4 3.6
-4.0 3.6
-3.6 3.6
-3.2 3.6
-2.8 3.6
-2.4 3.6
-2.0 3.6
-1.6 3.6
-1.2 3.6
-0.8 3.6
-0.4 3.6
0.0 3.6
0.4 3.6
0.8 3.6
1.2 3.6
1.6 3.6
2.0 3.6
2.4 3.6
2.8 3.6
3.2 3.6
3.6 3.6
4.0 3.6
4.4 3.6
4.8 3.6
5.2 3.6
5.6 3.6
6.0 3.6
6.4 3.6
6.8 3.6
7.2 3.6
7.6 3.6
8.0 3.6
8.4 3.6
8.8 3.6
9.2 3.6
9.6 3.6
10.0 3.6
10.4 3.6
10.8 3.6
11.2 3.6
11.6 3.6
-12.0 3.2
-11.6 3.2
-11.2 3.2
-10.8 3.2
-10.4 3.2
-10.0 3.2
-9.6 3.2
-9.2 3.2
-8.8 3.2
-8.4 3.2
-8.0 3.2
-7.6 3.2
-7.2 3.2
-6.8 3.2
-6.4 3.2
-6.0 3.2
-5.6 3.2
-5.2 3.2
-4.8 3.2
-4.4 3.2
-4.0 3.2
-3.6 3.2
-3.2 3.2
-2.8 3.2
-2.4 3.2
-2.0 3.2
-1.6 3.2
-1.2 3.2
-0.8 3.2
-0.4 3.2
0.0 3.2
0.4 3.2
0.8 3.2
1.2 3.2
1.6 3.2
2.0 3.2
2.4 3.2
2.8 3.2
3.2 3.2
3.6 3.2
4.0 3.2
4.4 3.2
4.8 3.2
5.2 3.2
5.6 3.2
6.0 3.2
6.4 3.2
6.8 3.2
7.2 3.2
7.6 3.2
8.0 3.2
8.4 3.2
8.8 3.2
9.2 3.2
9.6 3.2
10.0 3.2
10.4 3.2
10.8 3.2
11.2 3.2
11.6 3.2
-12.0 2.8
-11.6 2.8
-11.2 2.8
-10.8 2.8
-10.4 2.8
-10.0 2.8
-9.6 2.8
-9.2 2.8
-8.8 2.8
-8.4 2.8
-8.0 2.8
-7.6 2.8
-7.2 2.8
-6.8 2.8
-6.4 2.8
-6.0 2.8
-5.6 2.8
-5.2 2.8
-4.8 2.8
-4.4 2.8
-4.0 2.8
-3.6 2.8
-3.2 2.8
-2.8 2.8
-2.4 2.8
-2.0 2.8
-1.6 2.8
-1.2 2.8
-0.8 2.8
-0.4 2.8
0.0 2.8
0.4 2.8
0.8 2.8
1.2 2.8
1.6 2.8
2.0 2.8
2.4 2.8
2.8 2.8
3.2 2.8
3.6 2.8
4.0 2.8
4.4 2.8
4.8 2.8
5.2 2.8
5.6 2.8
6.0 2.8
6.4 2.8
6.8 2.8
7.2 2.8
7.6 2.8
8.0 2.8
8.4 2.8
8.8 2.8
9.2 2.8
9.6 2.8
10.0 2.8
10.4 2.8
10.8 2.8
11.2 2.8
11.6 2.8
-12.0 2.4
-11.6 2.4
-11.2 2.4
-10.8 2.4
-10.4 2.4
-10.0 2.4
-9.6 2.4
-9.2 2.4
-8.8 2.4
-8.4 2.4
-8.0 2.4
-7.6 2.4
-7.2 2.4
-6.8 2.4
-6.4 2.4
-6.0 2.4
-5.6 2.4
-5.2 2.4
-4.8 2.4
-4.4 2.4
-4.0 2.4
-3.6 2.4
-3.2 2.4
-2.8 2.4
-2.4 2.4
-2.0 2.4
-1.6 2.4
-1.2 2.4
-0.8 2.4
-0.4 2.4
0.0 2.4
0.4 2.4
0.8 2.4
1.2 2.4
1.6 2.4
2.0 2.4
2.4 2.4
2.8 2.4
3.2 2.4
3.6 2.4
4.0 2.4
4.4 2.4
4.8 2.4
5.2 2.4
5.6 2.4
6.0 2.4
6.4 2.4
6.8 2.4
7.2 2.4
7.6 2.4
8.0 2.4
8.4 2.4
8.8 2.4
9.2 2.4
9.6 2.4
10.0 2.4
10.4 2.4
10.8 2.4
11.2 2.4
11.6 2.4
-12.0 2.0
-11.6 2.0
-11.2 2.0
-10.8 2.0
-10.4 2.0
-10.0 2.0
-9.6 2.0
-9.2 2.0
-8.8 2.0
-8.4 2.0
-8.0 2.0
-7.6 2.0
-7.2 2.0
-6.8 2.0
-6.4 2.0
-6.0 2.0
-5.6 2.0
-5.2 2.0
-4.8 2.0
-4.4 2.0
-4.0 2.0
-3.6 2.0
-3.2 2.0
-2.8 2.0
-2.4 2.0
-2.0 2.0
-1.6 2.0
-1.2 2.0
-0.8 2.0
-0.4 2.0
0.0 2.0
0.4 2.0
0.8 2.0
1.2 2.0
1.6 2.0
2.0 2.0
2.4 2.0
2.8 2.0
3.2 2.0
3.6 2.0
4.0 2.0
4.4 2.0
4.8 2.0
5.2 2.0
5.6 2.0
6.0 2.0
6.4 2.0
6.8 2.0
7.2 2.0
7.6 2.0
8.0 2.0
8.4 2.0
8.8 2.0
9.2 2.0
9.6 2.0
10.0 2.0
10.4 2.0
10.8 2.0
11.2 2.0
11.6 2.0
-12.0 1.6
-11.6 1.6
-11.2 1.6
-10.8 1.6
-10.4 1.6
-10.0 1.6
-9.6 1.6
-9.2 1.6
-8.8 1.6
-8.4 1.6
-8.0 1.6
-7.6 1.6
-7.2 1.6
-6.8 1.6
-6.4 1.6
-6.0 1.6
-5.6 1.6
-5.2 1.6
-4.8 1.6
-4.4 1.6
-4.0 1.6
-3.6 1.6
-3.2 1.6
-2.8 1.6
-2.4 1.6
-2.0 1.6
-1.6 1.6
-1.2 1.6
-0.8 1.6
-0.4 1.6
0.0 1.6
0.4 1.6
0.8 1.6
1.2 1.6
1.6 1.6
2.0 1.6
2.4 1.6
2.8 1.6
3.2 1.6
3.6 1.6
4.0 1.6
4.4 1.6
4.8 1.6
5.2 1.6
5.6 1.6
6.0 1.6
6.4 1.6
6.8 1.6
7.2 1.6
7.6 1.6
8.0 1.6
8.4 1.6
8.8 1.6
9.2 1.6
9.6 1.6
10.0 1.6
10.4 1.6
10.8 1.6
11.2 1.6
11.6 1.6
-12.0 1.2
-11.6 1.2
-11.2 1.2
-10.8 1.2
-10.4 1.2
-10.0 1.2
-9.6 1.2
-9.2 1.2
-8.8 1.2
-8.4 1.2
-8.0 1.2
-7.6 1.2
-7.2 1.2
-6.8 1.2
-6.4 1.2
-6.0 1.2
-5.6 1.2
-5.2 1.2
-4.8 1.2
-4.4 1.2
-4.0 1.2
-3.6 1.2
-3.2 1.2
-2.8 1.2
-2.4 1.2
-2.0 1.2
-1.6 1.2
-1.2 1.2
-0.8 1.2
-0.4 1.2
0.0 1.2
0.4 1.2
0.8 1.2
1.2 1.2
1.6 1.2
2.0 1.2
2.4 1.2
2.8 1.2
3.2 1.2
3.6 1.2
4.0 1.2
4.4 1.2
4.8 1.2
5.2 1.2
5.6 1.2
6.0 1.2
6.4 1.2
6.8 1.2
7.2 1.2
7.6 1.2
8.0 1.2
8.4 1.2
8.8 1.2
9.2 1.2
9.6 1.2
10.0 1.2
10.4 1.2
10.8 1.2
11.2 1.2
11.6 1.2
-12.0 0.8
-11.6 0.8
-11.2 0.8
-10.8 0.8
-10.4 0.8
-10.0 0.8
-9.6 0.8
-9.2 0.8
-8.8 0.8
-8.4 0.8
-8.0 0.8
-7.6 0.8
-7.2 0.8
-6.8 0.8
-6.4 0.8
-6.0 0.8
-5.6 0.8
-5.2 0.8
-4.8 0.8
-4.4 0.8
-4.0 0.8
-3.6 0.8
-3.2 0.8
-2.8 0.8
-2.4 0.8
-2.0 0.8
-1.6 0.8
-1.2 0.8
-0.8 0.8
-0.4 0.8
0.0 0.8
0.4 0.8
0.8 0.8
1.2 0.8
1.6 0.8
2.0 0.8
2.4 0.8
2.8 0.8
3.2 0.8
3.6 0.8
4.0 0.8
4.4 0.8
4.8 0.8
5.2 0.8
5.6 0.8
6.0 0.8
6.4 0.8
6.8 0.8
7.2 0.8
7.6 0.8
8.0 0.8
8.4 0.8
8.8 0.8
9.2 0.8
9.6 0.8
10.0 0.8
10.4 0.8
10.8 0.8
11.2 0.8
11.6 0.8
-12.0 0.4
-11.6 0.4
-11.2 0.4
-10.8 0.4
-10.4 0.4
-10.0 0.4
-9.6 0.4
-9.2 0.4
-8.8 0.4
-8.4 0.4
-8.0 0.4
-7.6 0.4
-7.2 0.4
-6.8 0.4
-6.4 0.4
-6.0 0.4
-5.6 0.4
-5.2 0.4
-4.8 0.4
-4.4 0.4
-4.0 0.4
-3.6 0.4
-3.2 0.4
-2.8 0.4
-2.4 0.4
-2.0 0.4
-1.6 0.4
-1.2 0.4
-0.8 0.4
-0.4 0.4
0.0 0.4
0.4 0.4
0.8 0.4
1.2 0.4
1.6 0.4
2.0 0.4
2.4 0.4
2.8 0.4
3.2 0.4
3.6 0.4
4.0 0.4
4.4 0.4
4.8 0.4
5.2 0.4
5.6 0.4
6.0 0.4
6.4 0.4
6.8 0.4
7.2 0.4
7.6 0.4
8.0 0.4
8.4 0.4
8.8 0.4
9.2 0.4
9.6 0.4
10.0 0.4
10.4 0.4
10.8 0.4
11.2 0.4
11.6 0.4
-12.0 0.0
-11.6 0.0
-11.2 0.0
-10.8 0.0
-10.4 0.0
-10.0 0.0
-9.6 0.0
-9.2 0.0
-8.8 0.0
-8.4 0.0
-8.0 0.0
-7.6 0.0
-7.2 0.0
-6.8 0.0
-6.4 0.0
-6.0 0.0
-5.6 0.0
-5.2 0.0
-4.8 0.0
-4.4 0.0
-4.0 0.0
-3.6 0.0
-3.2 0.0
-2.8 0.0
-2.4 0.0
-2.0 0.0
-1.6 0.0
-1.2 0.0
-0.8 0.0
-0.4 0.0
0.0 0.0
0.4 0.0
0.8 0.0
1.2 0.0
1.6 0.0
2.0 0.0
2.4 0.0
2.8 0.0
3.2 0.0
3.6 0.0
4.0 0.0
4.4 0.0
4.8 0.0
5.2 0.0
5.6 0.0
6.0 0.0
6.4 0.0
6.8 0.0
7.2 0.0
7.6 0.0
8.0 0.0
8.4 0.0
8.8 0.0
9.2 0.0
9.6 0.0
10.0 0.0
10.4 0.0
10.8 0.0
11.2 0.0
11.6 0.0
-12.0 -0.4
-11.6 -0.4
-11.2 -0.4
-10.8 -0.4
-10.4 -0.4
-10.0 -0.4
-9.6 -0.4
-9.2 -0.4
-8.8 -0.4
-8.4 -0.4
-8.0 -0.4
-7.6 -0.4
-7.2 -0.4
-6.8 -0.4
-6.4 -0.4
-6.0 -0.4
-5.6 -0.4
-5.2 -0.4
-4.8 -0.4
-4.4 -0.4
-4.0 -0.4
-3.6 -0.4
-3.2 -0.4
-2.8 -0.4
-2.4 -0.4
-2.0 -0.4
-1.6 -0.4
-1.2 -0.4
-0.8 -0.4
-0.4 -0.4
0.0 -0.4
0.4 -0.4
0.8 -0.4
1.2 -0.4
1.6 -0.4
2.0 -0.4
2.4 -0.4
2.8 -0.4
3.2 -0.4
3.6 -0.4
4.0 -0.4
4.4 -0.4
4.8 -0.4
5.2 -0.4
5.6 -0.4
6.0 -0.4
6.4 -0.4
6.8 -0.4
7.2 -0.4
7.6 -0.4
8.0 -0.4
8.4 -0.4
8.8 -0.4
9.2 -0.4
9.6 -0.4
10.0 -0.4
10.4 -0.4
10.8 -0.4
11.2 -0.4
11.6 -0.4
-12.0 -0.8
-11.6 -0.8
-11.2 -0.8
-10.8 -0.8
-10.4 -0.8
-10.0 -0.8
-9.6 -0.8
-9.2 -0.8
-8.8 -0.8
-8.4 -0.8
-8.0 -0.8
-7.6 -0.8
-7.2 -0.8
-6.8 -0.8
-6.4 -0.8
-6.0 -0.8
-5.6 -0.8
-5.2 -0.8
-4.8 -0.8
-4.4 -0.8
-4.0 -0.8
-3.6 -0.8
-3.2 -0.8
-2.8 -0.8
-2.4 -0.8
-2.0 -0.8
-1.6 -0.8
-1.2 -0.8
-0.8 -0.8
-0.4 -0.8
0.0 -0.8
0.4 -0.8
0.8 -0.8
1.2 -0.8
1.6 -0.8
2.0 -0.8
2.4 -0.8
2.8 -0.8
3.2 -0.8
3.6 -0.8
4.0 -0.8
4.4 -0.8
4.8 -0.8
5.2 -0.8
5.6 -0.8
6.0 -0.8
6.4 -0.8
6.8 -0.8
7.2 -0.8
7.6 -0.8
8.0 -0.8
8.4 -0.8
8.8 -0.8
9.2 -0.8
9.6 -0.8
10.0 -0.8
10.4 -0.8
10.8 -0.8
11.2 -0.8
11.6 -0.8
-12.0 -1.2
-11.6 -1.2
-11.2 -1.2
-10.8 -1.2
-10.4 -1.2
-10.0 -1.2
-9.6 -1.2
-9.2 -1.2
-8.8 -1.2
-8.4 -1.2
-8.0 -1.2
-7.6 -1.2
-7.2 -1.2
-6.8 -1.2
-6.4 -1.2
-6.0 -1.2
-5.6 -1.2
-5.2 -1.2
-4.8 -1.2
-4.4 -1.2
-4.0 -1.2
-3.6 -1.2
-3.2 -1.2
-2.8 -1.2
-2.4 -1.2
-2.0 -1.2
-1.6 -1.2
-1.2 -1.2
-0.8 -1.2
-0.4 -1.2
0.0 -1.2
0.4 -1.2
0.8 -1.2
1.2 -1.2
1.6 -1.2
2.0 -1.2
2.4 -1.2
2.8 -1.2
3.2 -1.2
3.6 -1.2
4.0 -1.2
4.4 -1.2
4.8 -1.2
5.2 -1.2
5.6 -1.2
6.0 -1.2
6.4 -1.2
6.8 -1.2
7.2 -1.2
7.6 -1.2
8.0 -1.2
8.4 -1.2
8.8 -1.2
9.2 -1.2
9.6 -1.2
10.0 -1.2
10.4 -1.2
10.8 -1.2
11.2 -1.2
11.6 -1.2
-12.0 -1.6
-11.6 -1.6
-11.2 -1.6
-10.8 -1.6
-10.4 -1.6
-10.0 -1.6
-9.6 -1.6
-9.2 -1.6
-8.8 -1.6
-8.4 -1.6
-8.0 -1.6
-7.6 -1.6
-7.2 -1.6
-6.8 -1.6
-6.4 -1.6
-6.0 -1.6
-5.6 -1.6
-5.2 -1.6
-4.8 -1.6
-4.4 -1.6
-4.0 -1.6
-3.6 -1.6
-3.2 -1.6
-2.8 -1.6
-2.4 -1.6
-2.0 -1.6
-1.6 -1.6
-1.2 -1.6
-0.8 -1.6
-0.4 -1.6
0.0 -1.6
0.4 -1.6
0.8 -1.6
1.2 -1.6
1.6 -1.6
2.0 -1.6
2.4 -1.6
2.8 -1.6
3.2 -1.6
3.6 -1.6
4.0 -1.6
4.4 -1.6
4.8 -1.6
5.2 -1.6
5.6 -1.6
6.0 -1.6
6.4 -1.6
6.8 -1.6
7.2 -1.6
7.6 -1.6
8.0 -1.6
8.4 -1.6
8.8 -1.6
9.2 -1.6
9.6 -1.6
10.0 -1.6
10.4 -1.6
10.8 -1.6
11.2 -1.6
11.6 -1.6
-12.0 -2.0
-11.6 -2.0
-11.2 -2.0
-10.8 -2.0
-10.4 -2.0
-10.0 -2.0
-9.6 -2.0
-9.2 -2.0
-8.8 -2.0
-8.4 -2.0
-8.0 -2.0
-7.6 -2.0
-7.2 -2.0
-6.8 -2.0
-6.4 -2.0
-6.0 -2.0
-5.6 -2.0
-5.2 -2.0
-4.8 -2.0
-4.4 -2.0
-4.0 -2.0
-3.6 -2.0
-3.2 -2.0
-2.8 -2.0
-2.4 -2.0
-2.0 -2.0
-1.6 -2.0
-1.2 -2.0
-0.8 -2.0
-0.4 -2.0
0.0 -2.0
0.4 -2.0
0.8 -2.0
1.2 -2.0
1.6 -2.0
2.0 -2.0
2.4 -2.0
2.8 -2.0
3.2 -2.0
3.6 -2.0
4.0 -2.0
4.4 -2.0
4.8 -2.0
5.2 -2.0
5.6 -2.0
6.0 -2.0
6.4 -2.0
6.8 -2.0
7.2 -2.0
7.6 -2.0
8.0 -2.0
8.4 -2.0
8.8 -2.0
9.2 -2.0
9.6 -2.0
10.0 -2.0
10.4 -2.0
10.8 -2.0
11.2 -2.0
11.6 -2.0
-12.0 -2.4
-11.6 -2.4
-11.2 -2.4
-10.8 -2.4
-10.4 -2.4
-10.0 -2.4
-9.6 -2.4
-9.2 -2.4
-8.8 -2.4
-8.4 -2.4
-8.0 -2.4
-7.6 -2.4
-7.2 -2.4
-6.8 -2.4
-6.4 -2.4
-6.0 -2.4
-5.6 -2.4
-5.2 -2.4
-4.8 -2.4
-4.4 -2.4
-4.0 -2.4
-3.6 -2.4
-3.2 -2.4
-2.8 -2.4
-2.4 -2.4
-2.0 -2.4
-1.6 -2.4
-1.2 -2.4
-0.8 -2.4
-0.4 -2.4
0.0 -2.4
0.4 -2.4
0.8 -2.4
1.2 -2.4
1.6 -2.4
2.0 -2.4
2.4 -2.4
2.8 -2.4
3.2 -2.4
3.6 -2.4
4.0 -2.4
4.4 -2.4
4.8 -2.4
5.2 -2.4
5.6 -2.4
6.0 -2.4
6.4 -2.4
6.8 -2.4
7.2 -2.4
7.6 -2.4
8.0 -2.4
8.4 -2.4
8.8 -2.4
9.2 -2.4
9.6 -2.4
10.0 -2.4
10.4 -2.4
10.8 -2.4
11.2 -2.4
11.6 -2.4
-12.0 -2.8
-11.6 -2.8
-11.2 -2.8
-10.8 -2.8
-10.4 -2.8
-10.0 -2.8
-9.6 -2.8
-9.2 -2.8
-8.8 -2.8
-8.4 -2.8
-8.0 -2.8
-7.6 -2.8
-7.2 -2.8
-6.8 -2.8
-6.4 -2.8
-6.0 -2.8
-5.6 -2.8
-5.2 -2.8
-4.8 -2.8
-4.4 -2.8
-4.0 -2.8
-3.6 -2.8
-3.2 -2.8
-2.8 -2.8
-2.4 -2.8
-2.0 -2.8
-1.6 -2.8
-1.2 -2.8
-0.8 -2.8
-0.4 -2.8
0.0 -2.8
0.4 -2.8
0.8 -2.8
1.2 -2.8
1.6 -2.8
2.0 -2.8
2.4 -2.8
2.8 -2.8
3.2 -2.8
3.6 -2.8
4.0 -2.8
4.4 -2.8
4.8 -2.8
5.2 -2.8
5.6 -2.8
6.0 -2.8
6.4 -2.8
6.8 -2.8
7.2 -2.8
7.6 -2.8
8.0 -2.8
8.4 -2.8
8.8 -2.8
9.2 -2.8
9.6 -2.8
10.0 -2.8
10.4 -2.8
10.8 -2.8
11.2 -2.8
11.6 -2.8
-12.0 -3.2
-11.6 -3.2
-11.2 -3.2
-10.8 -3.2
-10.4 -3.2
-10.0 -3.2
-9.6 -3.2
-9.2 -3.2
-8.8 -3.2
-8.4 -3.2
-8.0 -3.2
-7.6 -3.2
-7.2 -3.2
-6.8 -3.2
-6.4 -3.2
-6.0 -3.2
-5.6 -3.2
-5.2 -3.2
-4.8 -3.2
-4.4 -3.2
-4.0 -3.2
-3.6 -3.2
-3.2 -3.2
-2.8 -3.2
-2.4 -3.2
-2.0 -3.2
-1.6 -3.2
-1.2 -3.2
-0.8 -3.2
-0.4 -3.2
0.0 -3.2
0.4 -3.2
0.8 -3.2
1.2 -3.2
1.6 -3.2
2.0 -3.2
2.4 -3.2
2.8 -3.2
3.2 -3.2
3.6 -3.2
4.0 -3.2
4.4 -3.2
4.8 -3.2
5.2 -3.2
5.6 -3.2
6.0 -3.2
6.4 -3.2
6.8 -3.2
7.2 -3.2
7.6 -3.2
8.0 -3.2
8.4 -3.2
8.8 -3.2
9.2 -3.2
9.6 -3.2
10.0 -3.2
10.4 -3.2
10.8 -3.2
11.2 -3.2
11.6 -3.2
-12.0 -3.6
-11.6 -3.6
-11.2 -3.6
-10.8 -3.6
-10.4 -3.6
-10.0 -3.6
-9.6 -3.6
-9.2 -3.6
-8.8 -3.6
-8.4 -3.6
-8.0 -3.6
-7.6 -3.6
-7.2 -3.6
-6.8 -3.6
-6.4 -3.6
-6.0 -3.6
-5.6 -3.6
-5.2 -3.6
-4.8 -3.6
-4.4 -3.6
-4.0 -3.6
-3.6 -3.6
-3.2 -3.6
-2.8 -3.6
-2.4 -3.6
-2.0 -3.6
-1.6 -3.6
-1.2 -3.6
-0.8 -3.6
-0.4 -3.6
0.0 -3.6
0.4 -3.6
0.8 -3.6
1.2 -3.6
1.6 -3.6
2.0 -3.6
2.4 -3.6
2.8 -3.6
3.2 -3.6
3.6 -3.6
4.0 -3.6
4.4 -3.6
4.8 -3.6
5.2 -3.6
5.6 -3.6
6.0 -3.6
6.4 -3.6
6.8 -3.6
7.2 -3.6
7.6 -3.6
8.0 -3.6
8.4 -3.6
8.8 -3.6
9.2 -3.6
9.6 -3.6
10.0 -3.6
10.4 -3.6
10.8 -3.6
11.2 -3.6
11.6 -3.6
-12.0 -4.0
-11.6 -4.0
-11.2 -4.0
-10.8 -4.0
-10.4 -4.0
-10.0 -4.0
-9.6 -4.0
-9.2 -4.0
-8.8 -4.0
-8.4 -4.0
-8.0 -4.0
-7.6 -4.0
-7.2 -4.0
-6.8 -4.0
-6.4 -4.0
-6.0 -4.0
-5.6 -4.0
-5.2 -4.0
-4.8 -4.0
-4.4 -4.0
-4.0 -4.0
-3.6 -4.0
-3.2 -4.0
-2.8 -4.0
-2.4 -4.0
-2.0 -4.0
-1.6 -4.0
-1.2 -4.0
-0.8 -4.0
-0.4 -4.0
0.0 -4.0
0.4 -4.0
0.8 -4.0
1.2 -4.0
1.6 -4.0
2.0 -4.0
2.4 -4.0
2.8 -4.0
3.2 -4.0
3.6 -4.0
4.0 -4.0
4.4 -4.0
4.8 -4.0
5.2 -4.0
5.6 -4.0
6.0 -4.0
6.4 -4.0
6.8 -4.0
7.2 -4.0
7.6 -4.0
8.0 -4.0
8.4 -4.0
8.8 -4.0
9.2 -4.0
9.6 -4.0
10.0 -4.0
10.4 -4.0
10.8 -4.0
11.2 -4.0
11.6 -4.0
-12.0 -4.4
-11.6 -4.4
-11.2 -4.4
-10.8 -4.4
-10.4 -4.4
-10.0 -4.4
-9.6 -4.4
-9.2 -4.4
-8.8 -4.4
-8.4 -4.4
-8.0 -4.4
-7.6 -4.4
-7.2 -4.4
-6.8 -4.4
-6.4 -4.4
-6.0 -4.4
-5.6 -4.4
-5.2 -4.4
-4.8 -4.4
-4.4 -4.4
-4.0 -4.4
-3.6 -4.4
-3.2 -4.4
-2.8 -4.4
-2.4 -4.4
-2.0 -4.4
-1.6 -4.4
-1.2 -4.4
-0.8 -4.4
-0.4 -4.4
0.0 -4.4
0.4 -4.4
0.8 -4.4
1.2 -4.4
1.6 -4.4
2.0 -4.4
2.4 -4.4
2.8 -4.4
3.2 -4.4
3.6 -4.4
4.0 -4.4
4.4 -4.4
4.8 -4.4
5.2 -4.4
5.6 -4.4
6.0 -4.4
6.4 -4.4
6.8 -4.4
7.2 -4.4
7.6 -4.4
8.0 -4.4
8.4 -4.4
8.8 -4.4
9.2 -4.4
9.6 -4.4
10.0 -4.4
10.4 -4.4
10.8 -4.4
11.2 -4.4
11.6 -4.4
-12.0 -4.8
-11.6 -4.8
-11.2 -4.8
-10.8 -4.8
-10.4 -4.8
-10.0 -4.8
-9.6 -4.8
-9.2 -4.8
-8.8 -4.8
-8.4 -4.8
-8.0 -4.8
-7.6 -4.8
-7.2 -4.8
-6.8 -4.8
-6.4 -4.8
-6.0 -4.8
-5.6 -4.8
-5.2 -4.8
-4.8 -4.8
-4.4 -4.8
-4.0 -4.8
-3.6 -4.8
-3.2 -4.8
-2.8 -4.8
-2.4 -4.8
-2.0 -4.8
-1.6 -4.8
-1.2 -4.8
-0.8 -4.8
-0.4 -4.8
0.0 -4.8
0.4 -4.8
0.8 -4.8
1.2 -4.8
1.6 -4.8
2.0 -4.8
2.4 -4.8
2.8 -4.8
3.2 -4.8
3.6 -4.8
4.0 -4.8
4.4 -4.8
4.8 -4.8
5.2 -4.8
5.6 -4.8
6.0 -4.8
6.4 -4.8
6.8 -4.8
7.2 -4.8
7.6 -4.8
8.0 -4.8
8.4 -4.8
8.8 -4.8
9.2 -4.8
9.6 -4.8
10.0 -4.8
10.4 -4.8
10.8 -4.8
11.2 -4.8
11.6 -4.8
-12.0 -5.2
-11.6 -5.2
-11.2 -5.2
-10.8 -5.2
-10.4 -5.2
-10.0 -5.2
-9.6 -5.2
-9.2 -5.2
-8.8 -5.2
-8.4 -5.2
-8.0 -5.2
-7.6 -5.2
-7.2 -5.2
-6.8 -5.2
-6.4 -5.2
-6.0 -5.2
-5.6 -5.2
-5.2 -5.2
-4.8 -5.2
-4.4 -5.2
-4.0 -5.2
-3.6 -5.2
-3.2 -5.2
-2.8 -5.2
-2.4 -5.2
-2.0 -5.2
-1.6 -5.2
-1.2 -5.2
-0.8 -5.2
-0.4 -5.2
0.0 -5.2
0.4 -5.2
0.8 -5.2
1.2 -5.2
1.6 -5.2
2.0 -5.2
2.4 -5.2
2.8 -5.2
3.2 -5.2
3.6 -5.2
4.0 -5.2
4.4 -5.2
4.8 -5.2
5.2 -5.2
5.6 -5.2
6.0 -5.2
6.4 -5.2
6.8 -5.2
7.2 -5.2
7.6 -5.2
8.0 -5.2
8.4 -5.2
8.8 -5.2
9.2 -5.2
9.6 -5.2
10.0 -5.2
10.4 -5.2
10.8 -5.2
11.2 -5.2
11.6 -5.2
-12.0 -5.6
-11.6 -5.6
-11.2 -5.6
-10.8 -5.6
-10.4 -5.6
-10.0 -5.6
-9.6 -5.6
-9.2 -5.6
-8.8 -5.6
-8.4 -5.6
-8.0 -5.6
-7.6 -5.6
-7.2 -5.6
-6.8 -5.6
-6.4 -5.6
-6.0 -5.6
-5.6 -5.6
-5.2 -5.6
-4.8 -5.6
-4.4 -5.6
-4.0 -5.6
-3.6 -5.6
-3.2 -5.6
-2.8 -5.6
-2.4 -5.6
-2.0 -5.6
-1.6 -5.6
-1.2 -5.6
-0.8 -5.6
-0.4 -5.6
0.0 -5.6
0.4 -5.6
0.8 -5.6
1.2 -5.6
1.6 -5.6
2.0 -5.6
2.4 -5.6
2.8 -5.6
3.2 -5.6
3.6 -5.6
4.0 -5.6
4.4 -5.6
4.8 -5.6
5.2 -5.6
5.6 -5.6
6.0 -5.6
6.4 -5.6
6.8 -5.6
7.2 -5.6
7.6 -5.6
8.0 -5.6
8.4 -5.6
8.8 -5.6
9.2 -5.6
9.6 -5.6
10.0 -5.6
10.4 -5.6
10.8 -5.6
11.2 -5.6
11.6 -5.6
-12.0 -6.0
-11.6 -6.0
-11.2 -6.0
-10.8 -6.0
-10.4 -6.0
-10.0 -6.0
-9.6 -6.0
-9.2 -6.0
-8.8 -6.0
-8.4 -6.0
-8.0 -6.0
-7.6 -6.0
-7.2 -6.0
-6.8 -6.0
-6.4 -6.0
-6.0 -6.0
-5.6 -6.0
-5.2 -6.0
-4.8 -6.0
-4.4 -6.0
-4.0 -6.0
-3.6 -6.0
-3.2 -6.0
-2.8 -6.0
-2.4 -6.0
-2.0 -6.0
-1.6 -6.0
-1.2 -6.0
-0.8 -6.0
-0.4 -6.0
0.0 -6.0
0.4 -6.0
0.8 -6.0
1.2 -6.0
1.6 -6.0
2.0 -6.0
2.4 -6.0
2.8 -6.0
3.2 -6.0
3.6 -6.0
4.0 -6.0
4.4 -6.0
4.8 -6.0
5.2 -6.0
5.6 -6.0
6.0 -6.0
6.4 -6.0
6.8 -6.0
7.2 -6.0
7.6 -6.0
8.0 -6.0
8.4 -6.0
8.8 -6.0
9.2 -6.0
9.6 -6.0
10.0 -6.0
10.4 -6.0
10.8 -6.0
11.2 -6.0
11.6 -6.0
-12.0 -6.4
-11.6 -6.4
-11.2 -6.4
-10.8 -6.4
-10.4 -6.4
-10.0 -6.4
-9.6 -6.4
-9.2 -6.4
-8.8 -6.4
-8.4 -6.4
-8.0 -6.4
-7.6 -6.4
-7.2 -6.4
-6.8 -6.4
-6.4 -6.4
-6.0 -6.4
-5.6 -6.4
-5.2 -6.4
-4.8 -6.4
-4.4 -6.4
-4.0 -6.4
-3.6 -6.4
-3.2 -6.4
-2.8 -6.4
-2.4 -6.4
-2.0 -6.4
-1.6 -6.4
-1.2 -6.4
-0.8 -6.4
-0.4 -6.4
0.0 -6.4
0.4 -6.4
0.8 -6.4
1.2 -6.4
1.6 -6.4
2.0 -6.4
2.4 -6.4
2.8 -6.4
3.2 -6.4
3.6 -6.4
4.0 -6.4
4.4 -6.4
4.8 -6.4
5.2 -6.4
5.6 -6.4
6.0 -6.4
6.4 -6.4
6.8 -6.4
7.2 -6.4
7.6 -6.4
8.0 -6.4
8.4 -6.4
8.8 -6.4
9.2 -6.4
9.6 -6.4
10.0 -6.4
10.4 -6.4
10.8 -6.4
11.2 -6.4
11.6 -6.4
-12.0 -6.8
-11.6 -6.8
-11.2 -6.8
-10.8 -6.8
-10.4 -6.8
-10.0 -6.8
-9.6 -6.8
-9.2 -6.8
-8.8 -6.8
-8.4 -6.8
-8.0 -6.8
-7.6 -6.8
-7.2 -6.8
-6.8 -6.8
-6.4 -6.8
-6.0 -6.8
-5.6 -6.8
-5.2 -6.8
-4.8 -6.8
-4.4 -6.8
-4.0 -6.8
-3.6 -6.8
-3.2 -6.8
-2.8 -6.8
-2.4 -6.8
-2.0 -6.8
-1.6 -6.8
-1.2 -6.8
-0.8 -6.8
-0.4 -6.8
0.0 -6.8
0.4 -6.8
0.8 -6.8
1.2 -6.8
1.6 -6.8
2.0 -6.8
2.4 -6.8
2.8 -6.8
3.2 -6.8
3.6 -6.8
4.0 -6.8
4.4 -6.8
4.8 -6.8
5.2 -6.8
5.6 -6.8
6.0 -6.8
6.4 -6.8
6.8 -6.8
7.2 -6.8
7.6 -6.8
8.0 -6.8
8.4 -6.8
8.8 -6.8
9.2 -6.8
9.6 -6.8
10.0 -6.8
10.4 -6.8
10.8 -6.8
11.2 -6.8
11.6 -6.8
-12.0 -7.2
-11.6 -7.2
-11.2 -7.2
-10.8 -7.2
-10.4 -7.2
-10.0 -7.2
-9.6 -7.2
-9.2 -7.2
-8.8 -7.2
-8.4 -7.2
-8.0 -7.2
-7.6 -7.2
-7.2 -7.2
-6.8 -7.2
-6.4 -7.2
-6.0 -7.2
-5.6 -7.2
-5.2 -7.2
-4.8 -7.2
-4.4 -7.2
-4.0 -7.2
-3.6 -7.2
-3.2 -7.2
-2.8 -7.2
-2.4 -7.2
-2.0 -7.2
-1.6 -7.2
-1.2 -7.2
-0.8 -7.2
-0.4 -7.2
0.0 -7.2
0.4 -7.2
0.8 -7.2
1.2 -7.2
1.6 -7.2
2.0 -7.2
2.4 -7.2
2.8 -7.2
3.2 -7.2
3.6 -7.2
4.0 -7.2
4.4 -7.2
4.8 -7.2
5.2 -7.2
5.6 -7.2
6.0 -7.2
6.4 -7.2
6.8 -7.2
7.2 -7.2
7.6 -7.2
8.0 -7.2
8.4 -7.2
8.8 -7.2
9.2 -7.2
9.6 -7.2
10.0 -7.2
10.4 -7.2
10.8 -7.2
11.2 -7.2
11.6 -7.2
-12.0 -7.6
-11.6 -7.6
-11.2 -7.6
-10.8 -7.6
-10.4 -7.6
-10.0 -7.6
-9.6 -7.6
-9.2 -7.6
-8.8 -7.6
-8.4 -7.6
-8.0 -7.6
-7.6 -7.6
-7.2 -7.6
-6.8 -7.6
-6.4 -7.6
-6.0 -7.6
-5.6 -7.6
-5.2 -7.6
-4.8 -7.6
-4.4 -7.6
-4.0 -7.6
-3.6 -7.6
-3.2 -7.6
-2.8 -7.6
-2.4 -7.6
-2.0 -7.6
-1.6 -7.6
-1.2 -7.6
-0.8 -7.6
-0.4 -7.6
0.0 -7.6
0.4 -7.6
0.8 -7.6
1.2 -7.6
1.6 -7.6
2.0 -7.6
2.4 -7.6
2.8 -7.6
3.2 -7.6
3.6 -7.6
4.0 -7.6
4.4 -7.6
4.8 -7.6
5.2 -7.6
5.6 -7.6
6.0 -7.6
6.4 -7.6
6.8 -7.6
7.2 -7.6
7.6 -7.6
8.0 -7.6
8.4 -7.6
8.8 -7.6
9.2 -7.6
9.6 -7.6
10.0 -7.6
10.4 -7.6
10.8 -7.6
11.2 -7.6
11.6 -7.6
-12.0 -8.0
-11.6 -8.0
-11.2 -8.0
-10.8 -8.0
-10.4 -8.0
-10.0 -8.0
-9.6 -8.0
-9.2 -8.0
-8.8 -8.0
-8.4 -8.0
-8.0 -8.0
-7.6 -8.0
-7.2 -8.0
-6.8 -8.0
-6.4 -8.0
-6.0 -8.0
-5.6 -8.0
-5.2 -8.0
-4.8 -8.0
-4.4 -8.0
-4.0 -8.0
-3.6 -8.0
-3.2 -8.0
-2.8 -8.0
-2.4 -8.0
-2.0 -8.0
-1.6 -8.0
-1.2 -8.0
-0.8 -8.0
-0.4 -8.0
0.0 -8.0
0.4 -8.0
0.8 -8.0
1.2 -8.0
1.6 -8.0
2.0 -8.0
2.4 -8.0
2.8 -8.0
3.2 -8.0
3.6 -8.0
4.0 -8.0
4.4 -8.0
4.8 -8.0
5.2 -8.0
5.6 -8.0
6.0 -8.0
6.4 -8.0
6.8 -8.0
7.2 -8.0
7.6 -8.0
8.0 -8.0
8.4 -8.0
8.8 -8.0
9.2 -8.0
9.6 -8.0
10.0 -8.0
10.4 -8.0
10.8 -8.0
11.2 -8.0
11.6 -8.0
-12.0 -8.4
-11.6 -8.4
-11.2 -8.4
-10.8 -8.4
-10.4 -8.4
-10.0 -8.4
-9.6 -8.4
-9.2 -8.4
-8.8 -8.4
-8.4 -8.4
-8.0 -8.4
-7.6 -8.4
-7.2 -8.4
-6.8 -8.4
-6.4 -8.4
-6.0 -8.4
-5.6 -8.4
-5.2 -8.4
-4.8 -8.4
-4.4 -8.4
-4.0 -8.4
-3.6 -8.4
-3.2 -8.4
-2.8 -8.4
-2.4 -8.4
-2.0 -8.4
-1.6 -8.4
-1.2 -8.4
-0.8 -8.4
-0.4 -8.4
0.0 -8.4
0.4 -8.4
0.8 -8.4
1.2 -8.4
1.6 -8.4
2.0 -8.4
2.4 -8.4
2.8 -8.4
3.2 -8.4
3.6 -8.4
4.0 -8.4
4.4 -8.4
4.8 -8.4
5.2 -8.4
5.6 -8.4
6.0 -8.4
6.4 -8.4
6.8 -8.4
7.2 -8.4
7.6 -8.4
8.0 -8.4
8.4 -8.4
8.8 -8.4
9.2 -8.4
9.6 -8.4
10.0 -8.4
10.4 -8.4
10.8 -8.4
11.2 -8.4
11.6 -8.4
-12.0 -8.8
-11.6 -8.8
-11.2 -8.8
-10.8 -8.8
-10.4 -8.8
-10.0 -8.8
-9.6 -8.8
-9.2 -8.8
-8.8 -8.8
-8.4 -8.8
-8.0 -8.8
-7.6 -8.8
-7.2 -8.8
-6.8 -8.8
-6.4 -8.8
-6.0 -8.8
-5.6 -8.8
-5.2 -8.8
-4.8 -8.8
-4.4 -8.8
-4.0 -8.8
-3.6 -8.8
-3.2 -8.8
-2.8 -8.8
-2.4 -8.8
-2.0 -8.8
-1.6 -8.8
-1.2 -8.8
-0.8 -8.8
-0.4 -8.8
0.0 -8.8
0.4 -8.8
0.8 -8.8
1.2 -8.8
1.6 -8.8
2.0 -8.8
2.4 -8.8
2.8 -8.8
3.2 -8.8
3.6 -8.8
4.0 -8.8
4.4 -8.8
4.8 -8.8
5.2 -8.8
5.6 -8.8
6.0 -8.8
6.4 -8.8
6.8 -8.8
7.2 -8.8
7.6 -8.8
8.0 -8.8
8.4 -8.8
8.8 -8.8
9.2 -8.8
9.6 -8.8
10.0 -8.8
10.4 -8.8
10.8 -8.8
11.2 -8.8
11.6 -8.8
-12.0 -9.2
-11.6 -9.2
-11.2 -9.2
-10.8 -9.2
-10.4 -9.2
-10.0 -9.2
-9.6 -9.2
-9.2 -9.2
-8.8 -9.2
-8.4 -9.2
-8.0 -9.2
-7.6 -9.2
-7.2 -9.2
-6.8 -9.2
-6.4 -9.2
-6.0 -9.2
-5.6 -9.2
-5.2 -9.2
-4.8 -9.2
-4.4 -9.2
-4.0 -9.2
-3.6 -9.2
-3.2 -9.2
-2.8 -9.2
-2.4 -9.2
-2.0 -9.2
-1.6 -9.2
-1.2 -9.2
-0.8 -9.2
-0.4 -9.2
0.0 -9.2
0.4 -9.2
0.8 -9.2
1.2 -9.2
1.6 -9.2
2.0 -9.2
2.4 -9.2
2.8 -9.2
3.2 -9.2
3.6 -9.2
4.0 -9.2
4.4 -9.2
4.8 -9.2
5.2 -9.2
5.6 -9.2
6.0 -9.2
6.4 -9.2
6.8 -9.2
7.2 -9.2
7.6 -9.2
8.0 -9.2
8.4 -9.2
8.8 -9.2
9.2 -9.2
9.6 -9.2
10.0 -9.2
10.4 -9.2
10.8 -9.2
11.2 -9.2
11.6 -9.2
-12.0 -9.6
-11.6 -9.6
-11.2 -9.6
-10.8 -9.6
-10.4 -9.6
-10.0 -9.6
-9.6 -9.6
-9.2 -9.6
-8.8 -9.6
-8.4 -9.6
-8.0 -9.6
-7.6 -9.6
-7.2 -9.6
-6.8 -9.6
-6.4 -9.6
-6.0 -9.6
-5.6 -9.6
-5.2 -9.6
-4.8 -9.6
-4.4 -9.6
-4.0 -9.6
-3.6 -9.6
-3.2 -9.6
-2.8 -9.6
-2.4 -9.6
-2.0 -9.6
-1.6 -9.6
-1.2 -9.6
-0.8 -9.6
-0.4 -9.6
0.0 -9.6
0.4 -9.6
0.8 -9.6
1.2 -9.6
1.6 -9.6
2.0 -9.6
2.4 -9.6
2.8 -9.6
3.2 -9.6
3.6 -9.6
4.0 -9.6
4.4 -9.6
4.8 -9.6
5.2 -9.6
5.6 -9.6
6.0 -9.6
6.4 -9.6
6.8 -9.6
7.2 -9.6
7.6 -9.6
8.0 -9.6
8.4 -9.6
8.8 -9.6
9.2 -9.6
9.6 -9.6
10.0 -9.6
10.4 -9.6
10.8 -9.6
11.2 -9.6
11.6 -9.6
-12.0 -10.0
-11.6 -10.0
-11.2 -10.0
-10.8 -10.0
-10.4 -10.0
-10.0 -10.0
-9.6 -10.0
-9.2 -10.0
-8.8 -10.0
-8.4 -10.0
-8.0 -10.0
-7.6 -10.0
-7.2 -10.0
-6.8 -10.0
-6.4 -10.0
-6.0 -10.0
-5.6 -10.0
-5.2 -10.0
-4.8 -10.0
-4.4 -10.0
-4.0 -10.0
-3.6 -10.0
-3.2 -10.0
-2.8 -10.0
-2.4 -10.0
-2.0 -10.0
-1.6 -10.0
-1.2 -10.0
-0.8 -10.0
-0.4 -10.0
0.0 -10.0
0.4 -10.0
0.8 -10.0
1.2 -10.0
1.6 -10.0
2.0 -10.0
2.4 -10.0
2.8 -10.0
3.2 -10.0
3.6 -10.0
4.0 -10.0
4.4 -10.0
4.8 -10.0
5.2 -10.0
5.6 -10.0
6.0 -10.0
6.4 -10.0
6.8 -10.0
7.2 -10.0
7.6 -10.0
8.0 -10.0
8.4 -10.0
8.8 -10.0
9.2 -10.0
9.6 -10.0
10.0 -10.0
10.4 -10.0
10.8 -10.0
11.2 -10.0
11.6 -10.0
-12.0 -10.4
-11.6 -10.4
-11.2 -10.4
-10.8 -10.4
-10.4 -10.4
-10.0 -10.4
-9.6 -10.4
-9.2 -10.4
-8.8 -10.4
-8.4 -10.4
-8.0 -10.4
-7.6 -10.4
-7.2 -10.4
-6.8 -10.4
-6.4 -10.4
-6.0 -10.4
-5.6 -10.4
-5.2 -10.4
-4.8 -10.4
-4.4 -10.4
-4.0 -10.4
-3.6 -10.4
-3.2 -10.4
-2.8 -10.4
-2.4 -10.4
-2.0 -10.4
-1.6 -10.4
-1.2 -10.4
-0.8 -10.4
-0.4 -10.4
0.0 -10.4
0.4 -10.4
0.8 -10.4
1.2 -10.4
1.6 -10.4
2.0 -10.4
2.4 -10.4
2.8 -10.4
3.2 -10.4
3.6 -10.4
4.0 -10.4
4.4 -10.4
4.8 -10.4
5.2 -10.4
5.6 -10.4
6.0 -10.4
6.4 -10.4
6.8 -10.4
7.2 -10.4
7.6 -10.4
8.0 -10.4
8.4 -10.4
8.8 -10.4
9.2 -10.4
9.6 -10.4
10.0 -10.4
10.4 -10.4
10.8 -10.4
11.2 -10.4
11.6 -10.4
-12.0 -10.8
-11.6 -10.8
-11.2 -10.8
-10.8 -10.8
-10.4 -10.8
-10.0 -10.8
-9.6 -10.8
-9.2 -10.8
-8.8 -10.8
-8.4 -10.8
-8.0 -10.8
-7.6 -10.8
-7.2 -10.8
-6.8 -10.8
-6.4 -10.8
-6.0 -10.8
-5.6 -10.8
-5.2 -10.8
-4.8 -10.8
-4.4 -10.8
-4.0 -10.8
-3.6 -10.8
-3.2 -10.8
-2.8 -10.8
-2.4 -10.8
-2.0 -10.8
-1.6 -10.8
-1.2 -10.8
-0.8 -10.8
-0.4 -10.8
0.0 -10.8
0.4 -10.8
0.8 -10.8
1.2 -10.8
1.6 -10.8
2.0 -10.8
2.4 -10.8
2.8 -10.8
3.2 -10.8
3.6 -10.8
4.0 -10.8
4.4 -10.8
4.8 -10.8
5.2 -10.8
5.6 -10.8
6.0 -10.8
6.4 -10.8
6.8 -10.8
7.2 -10.8
7.6 -10.8
8.0 -10.8
8.4 -10.8
8.8 -10.8
9.2 -10.8
9.6 -10.8
10.0 -10.8
10.4 -10.8
10.8 -10.8
11.2 -10.8
11.6 -10.8
-12.0 -11.2
-11.6 -11.2
-11.2 -11.2
-10.8 -11.2
-10.4 -11.2
-10.0 -11.2
-9.6 -11.2
-9.2 -11.2
-8.8 -11.2
-8.4 -11.2
-8.0 -11.2
-7.6 -11.2
-7.2 -11.2
-6.8 -11.2
-6.4 -11.2
-6.0 -11.2
-5.6 -11.2
-5.2 -11.2
-4.8 -11.2
-4.4 -11.2
-4.0 -11.2
-3.6 -11.2
-3.2 -11.2
-2.8 -11.2
-2.4 -11.2
-2.0 -11.2
-1.6 -11.2
-1.2 -11.2
-0.8 -11.2
-0.4 -11.2
0.0 -11.2
0.4 -11.2
0.8 -11.2
1.2 -11.2
1.6 -11.2
2.0 -11.2
2.4 -11.2
2.8 -11.2
3.2 -11.2
3.6 -11.2
4.0 -11.2
4.4 -11.2
4.8 -11.2
5.2 -11.2
5.6 -11.2
6.0 -11.2
6.4 -11.2
6.8 -11.2
7.2 -11.2
7.6 -11.2
8.0 -11.2
8.4 -11.2
8.8 -11.2
9.2 -11.2
9.6 -11.2
10.0 -11.2
10.4 -11.2
10.8 -11.2
11.2 -11.2
11.6 -11.2
-12.0 -11.6
-11.6 -11.6
-11.2 -11.6
-10.8 -11.6
-10.4 -11.6
-10.0 -11.6
-9.6 -11.6
-9.2 -11.6
-8.8 -11.6
-8.4 -11.6
-8.0 -11.6
-7.6 -11.6
-7.2 -11.6
-6.8 -11.6
-6.4 -11.6
-6.0 -11.6
-5.6 -11.6
-5.2 -11.6
-4.8 -11.6
-4.4 -11.6
-4.0 -11.6
-3.6 -11.6
-3.2 -11.6
-2.8 -11.6
-2.4 -11.6
-2.0 -11.6
-1.6 -11.6
-1.2 -11.6
-0.8 -11.6
-0.4 -11.6
0.0 -11.6
0.4 -11.6
0.8 -11.6
1.2 -11.6
1.6 -11.6
2.0 -11.6
2.4 -11.6
2.8 -11.6
3.2 -11.6
3.6 -11.6
4.0 -11.6
4.4 -11.6
4.8 -11.6
5.2 -11.6
5.6 -11.6
6.0 -11.6
6.4 -11.6
6.8 -11.6
7.2 -11.6
7.6 -11.6
8.0 -11.6
8.4 -11.6
8.8 -11.6
9.2 -11.6
9.6 -11.6
10.0 -11.6
10.4 -11.6
10.8 -11.6
11.2 -11.6
11.6 -11.6
